48 3

 0 4756 1217 6371 3669 3143 2438 587 470 5663 1731 1635 2384 2218 1297 1033 3849 2277 3447 2284 2967 740 1717 5300 2603 6098 3478 2675 3651 3274 1599 3973 1760 2166 6785 2401 3332 1054 3554 847 2203 4846 3507 1956 6849 1564 2393 3805
 4756 0 3608 2028 1862 6998 6533 5219 5043 2344 4174 4762 3659 3150 4922 3967 7487 6365 7279 5130 4061 4050 3702 2892 3139 1880 7194 6659 1238 6981 6034 3477 5273 2688 3161 6300 7217 5655 3117 4594 2779 1625 7053 6203 3494 5491 4412 2157
 1217 3608 0 5168 2467 3688 3092 1763 1448 4468 1199 1548 1511 1117 1505 977 4311 2919 3992 2183 2216 669 842 4154 1540 4892 3964 3272 2469 3737 2463 2979 1975 971 5591 2931 3901 2057 2503 1046 1407 3640 3906 2692 5672 2042 1878 2618
 6371 2028 5168 0 2805 8071 7745 6896 6582 1405 5378 5971 4689 4389 6226 5732 8427 7591 8318 6146 4806 5721 4993 2337 4197 336 8193 7815 2798 8012 7427 3779 6467 4241 1451 7463 8283 7150 3687 6027 4647 1701 7999 7505 1885 6774 5368 2899
 3669 1862 2467 2805 0 5340 4967 4221 3828 2018 2588 3185 1937 1594 3431 3205 5762 4809 5602 3423 2230 3083 2199 1878 1423 2510 5496 5053 917 5297 4633 1688 3686 1611 3140 4697 5556 4374 1273 3246 2438 1192 5328 4712 3252 3981 2662 362
 3143 6998 3688 8071 5340 0 764 3230 2674 6935 2846 2294 3420 3868 2182 4102 740 897 318 1944 3317 3689 3329 6217 3954 7764 375 500 5797 417 1681 4532 1755 4452 7937 784 230 2247 4456 2700 5065 6407 565 1230 7816 1689 2715 5288
 2438 6533 3092 7745 4967 764 0 2497 1964 6687 2403 1831 3072 3427 1616 3416 1490 192 1053 1703 3125 3018 2849 6035 3582 7439 1122 293 5331 985 946 4375 1287 3919 7733 355 931 1514 4214 2076 4435 6082 1242 496 7654 1081 2451 4950
 587 5219 1763 6896 4221 3230 2497 0 730 6217 2264 2087 2941 2784 1699 1338 3953 2355 3520 2691 3502 1200 2282 5866 3171 6623 3581 2754 4151 3404 1589 4534 2099 2687 7339 2535 3395 1015 4120 1346 2564 5389 3655 2001 7410 1812 2898 4362
 470 5043 1448 6582 3828 2674 1964 730 0 5791 1613 1367 2339 2301 970 1473 3385 1808 2980 1961 2838 1125 1735 5360 2646 6300 3013 2207 3908 2813 1140 3935 1377 2408 6906 1938 2864 629 3560 691 2598 5012 3050 1488 6941 1127 2203 3930
 5663 2344 4468 1405 2018 6935 6687 6217 5791 0 4405 4973 3659 3513 5276 5207 7227 6549 7163 5034 3626 5092 4102 938 3227 1148 7022 6730 2458 6861 6497 2493 5439 3618 1127 6389 7142 6304 2516 5177 4328 958 6808 6511 1277 5790 4258 1970
 1731 4174 1199 5378 2588 2846 2403 2264 1613 4405 0 618 783 1047 891 2070 3370 2244 3129 1067 1257 1646 521 3863 1222 5077 3056 2510 2972 2836 2113 2354 1127 1675 5490 2151 3064 1984 2022 954 2529 3728 2942 2147 5474 1417 726 2596
 1635 4762 1548 5971 3185 2294 1831 2087 1367 4973 618 0 1324 1638 422 2246 2849 1667 2579 720 1605 1796 1076 4387 1804 5664 2520 1937 3555 2296 1592 2809 552 2204 6042 1579 2507 1572 2539 822 2936 4312 2430 1582 6006 858 915 3179
 2384 3659 1511 4689 1937 3420 3072 2941 2339 3659 783 1324 0 662 1648 2474 3855 2923 3682 1504 739 2115 713 3096 557 4384 3579 3142 2478 3377 2866 1613 1802 1503 4735 2789 3635 2745 1255 1677 2564 3026 3420 2868 4710 2147 769 1896
 2218 3150 1117 4389 1594 3868 3427 2784 2301 3513 1047 1638 662 0 1860 2055 4365 3266 4147 2014 1351 1773 623 3099 444 4092 4065 3538 1949 3849 3057 1888 2154 862 4623 3179 4086 2813 1404 1685 1947 2762 3933 3147 4661 2417 1365 1653
 1297 4922 1505 6226 3431 2182 1616 1699 970 5276 891 422 1648 1860 0 2051 2812 1450 2487 996 1990 1606 1263 4730 2090 5930 2460 1778 3729 2234 1222 3179 502 2304 6365 1430 2398 1152 2884 569 2893 4588 2416 1291 6345 570 1304 3460
 1033 3967 977 5732 3205 4102 3416 1338 1473 5207 2070 2246 2474 2055 2051 0 4783 3247 4404 2925 3169 470 1790 4989 2477 5473 4417 3639 2966 4201 2605 3921 2545 1622 6316 3339 4295 2066 3430 1506 1264 4321 4416 2945 6441 2458 2771 3406
 3849 7487 4311 8427 5762 740 1490 3953 3385 7227 3370 2849 3855 4365 2812 4783 0 1619 504 2375 3626 4364 3867 6453 4396 8119 382 1226 6292 884 2408 4775 2346 5014 8177 1469 634 2973 4775 3352 5701 6771 454 1956 8018 2355 3111 5678
 2277 6365 2919 7591 4809 897 192 2355 1808 6549 2244 1667 2923 3266 1450 3247 1619 0 1194 1581 2999 2850 2684 5904 3427 7286 1247 421 5165 1083 820 4250 1130 3749 7596 305 1076 1374 4076 1904 4264 5930 1341 365 7523 910 2317 4798
 3447 7279 3992 8318 5602 318 1053 3520 2980 7163 3129 2579 3682 4147 2487 4404 504 1194 0 2194 3537 3992 3612 6421 4215 8006 222 795 6074 604 1964 4735 2046 4742 8144 1086 165 2535 4683 3001 5366 6650 511 1517 8010 1991 2960 5537
 2284 5130 2183 6146 3423 1944 1703 2691 1961 5034 1067 720 1504 2014 996 2925 2375 1581 2194 0 1440 2480 1564 4354 2044 5839 2092 1715 3936 1892 1838 2690 666 2718 6059 1384 2156 2016 2549 1496 3557 4481 1941 1650 5971 1093 791 3363
 2967 4061 2216 4806 2230 3317 3125 3502 2838 3626 1257 1605 739 1351 1990 3169 3626 2999 3537 1440 0 2794 1399 2921 1082 4499 3406 3135 2943 3241 3135 1257 1960 2194 4632 2809 3522 3139 1155 2190 3278 3157 3202 3033 4536 2372 720 2098
 740 4050 669 5721 3083 3689 3018 1200 1125 5092 1646 1796 2115 1773 1606 470 4364 2850 3992 2480 2794 0 1420 4804 2193 5451 3999 3235 2974 3781 2251 3627 2103 1522 6210 2926 3889 1746 3158 1064 1496 4239 3989 2564 6306 2036 2352 3252
 1717 3702 842 4993 2199 3329 2849 2282 1735 4102 521 1076 713 623 1263 1790 3867 2684 3612 1564 1399 1420 0 3642 928 4697 3550 2975 2501 3328 2452 2276 1590 1172 5207 2616 3547 2219 1857 1096 2069 3366 3441 2550 5227 1823 1091 2251
 5300 2892 4154 2337 1878 6217 6035 5866 5360 938 3863 4387 3096 3099 4730 4989 6453 5904 6421 4354 2921 4804 3642 0 2746 2067 6270 6048 2598 6128 5941 1712 4822 3411 1749 5720 6413 5815 1879 4712 4303 1301 6043 5904 1646 5203 3598 1703
 2603 3139 1540 4197 1423 3954 3582 3171 2646 3227 1222 1804 557 444 2090 2477 4396 3427 4215 2044 1082 2193 928 2746 0 3891 4115 3661 1963 3912 3304 1475 2301 1193 4321 3306 4167 3116 996 2000 2305 2538 3958 3345 4331 2616 1303 1406
 6098 1880 4892 336 2510 7764 7439 6623 6300 1148 5077 5664 4384 4092 5930 5473 8119 7286 8006 5839 4499 5451 4697 2067 3891 0 7882 7507 2544 7701 7129 3474 6161 3965 1408 7155 7973 6859 3376 5734 4415 1392 7688 7202 1815 6471 5058 2592
 3478 7194 3964 8193 5496 375 1122 3581 3013 7022 3056 2520 3579 4065 2460 4417 382 1247 222 2092 3406 3999 3550 6270 4115 7882 0 857 5996 530 2041 4588 2005 4690 7997 1100 329 2603 4553 2995 5351 6532 302 1587 7855 1993 2849 5427
 2675 6659 3272 7815 5053 500 293 2754 2207 6730 2510 1937 3142 3538 1778 3639 1226 421 795 1715 3135 3235 2975 6048 3661 7507 857 0 5456 720 1209 4374 1392 4071 7756 377 682 1772 4245 2266 4632 6150 976 755 7661 1256 2482 5021
 3651 1238 2469 2798 917 5797 5331 4151 3908 2458 2972 3555 2478 1949 3729 2966 6292 5165 6074 3936 2943 2974 2501 2598 1963 2544 5996 5456 0 5777 4855 2578 4068 1528 3512 5095 6012 4501 2126 3416 1932 1533 5855 5009 3724 4292 3229 1263
 3274 6981 3737 8012 5297 417 985 3404 2813 6861 2836 2296 3377 3849 2234 4201 884 1083 604 1892 3241 3781 3328 6128 3912 7701 530 720 5777 0 1836 4397 1731 4417 7804 848 541 2383 4335 2723 5077 6300 513 1381 7676 1726 2610 5188
 1599 6034 2463 7427 4633 1681 946 1589 1140 6497 2113 1592 2866 3057 1222 2605 2408 820 1964 1838 3135 2251 2452 5941 3304 7129 2041 1209 4855 1836 0 4357 1197 3375 7580 1046 1839 608 4091 1465 3713 5794 2138 454 7556 790 2423 4669
 3973 3477 2979 3779 1688 4532 4375 4534 3935 2493 2354 2809 1613 1888 3179 3921 4775 4250 4735 2690 1257 3627 2276 1712 1475 3474 4588 4374 2578 4397 4357 0 3199 2537 3435 4052 4727 4309 560 3270 3630 2216 4360 4277 3313 3601 1958 1445
 1760 5273 1975 6467 3686 1755 1287 2099 1377 5439 1127 552 1802 2154 502 2545 2346 1130 2046 666 1960 2103 1590 4822 2301 6161 2005 1392 4068 1731 1197 3199 0 2706 6502 1037 1975 1363 2984 1069 3370 4810 1941 1092 6447 441 1255 3677
 2166 2688 971 4241 1611 4452 3919 2687 2408 3618 1675 2204 1503 862 2304 1622 5014 3749 4742 2718 2194 1522 1172 3411 1193 3965 4690 4071 1528 4417 3375 2537 2706 0 4732 3716 4667 3005 2010 1936 1144 2749 4588 3562 4849 2866 2159 1817
 6785 3161 5591 1451 3140 7937 7733 7339 6906 1127 5490 6042 4735 4623 6365 6316 8177 7596 8144 6059 4632 6210 5207 1749 4321 1408 7997 7756 3512 7804 7580 3435 6502 4732 0 7420 8132 7404 3548 6280 5403 2036 7765 7574 484 6860 5290 3083
 2401 6300 2931 7463 4697 784 355 2535 1938 6389 2151 1579 2789 3179 1430 3339 1469 305 1086 1384 2809 2926 2616 5720 3306 7155 1100 377 5095 848 1046 4052 1037 3716 7420 0 992 1568 3908 1936 4302 5799 1140 610 7337 925 2143 4670
 3332 7217 3901 8283 5556 230 931 3395 2864 7142 3064 2507 3635 4086 2398 4295 634 1076 165 2156 3522 3889 3547 6413 4167 7973 329 682 6012 541 1839 4727 1975 4667 8132 992 0 2411 4659 2905 5271 6615 594 1395 8006 1894 2924 5499
 1054 5655 2057 7150 4374 2247 1514 1015 629 6304 1984 1572 2745 2813 1152 2066 2973 1374 2535 2016 3139 1746 2219 5815 3116 6859 2603 1772 4501 2383 608 4309 1363 3005 7404 1568 2411 0 3981 1154 3217 5549 2681 1016 7414 978 2448 4446
 3554 3117 2503 3687 1273 4456 4214 4120 3560 2516 2022 2539 1255 1404 2884 3430 4775 4076 4683 2549 1155 3158 1857 1879 996 3376 4553 4245 2126 4335 4091 560 2984 2010 3548 3908 4659 3981 0 2900 3100 2043 4347 4060 3497 3355 1774 1066
 847 4594 1046 6027 3246 2700 2076 1346 691 5177 954 822 1677 1685 569 1506 3352 1904 3001 1496 2190 1064 1096 4712 2000 5734 2995 2266 3416 2723 1465 3270 1069 1936 6280 1936 2905 1154 2900 0 2392 4421 2964 1671 6302 1037 1580 3318
 2203 2779 1407 4647 2438 5065 4435 2564 2598 4328 2529 2936 2564 1947 2893 1264 5701 4264 5366 3557 3278 1496 2069 4303 2305 4415 5351 4632 1932 5077 3713 3630 3370 1144 5403 4302 5271 3217 3100 2392 0 3411 5301 4005 5598 3407 3138 2724
 4846 1625 3640 1701 1192 6407 6082 5389 5012 958 3728 4312 3026 2762 4588 4321 6771 5930 6650 4481 3157 4239 3366 1301 2538 1392 6532 6150 1533 6300 5794 2216 4810 2749 2036 5799 6615 5549 2043 4421 3411 0 6338 5852 2225 5123 3700 1236
 3507 7053 3906 7999 5328 565 1242 3655 3050 6808 2942 2430 3420 3933 2416 4416 454 1341 511 1941 3202 3989 3441 6043 3958 7688 302 976 5855 513 2138 4360 1941 4588 7765 1140 594 2681 4347 2964 5301 6338 0 1686 7618 1987 2677 5246
 1956 6203 2692 7505 4712 1230 496 2001 1488 6511 2147 1582 2868 3147 1291 2945 1956 365 1517 1650 3033 2564 2550 5904 3345 7202 1587 755 5009 1381 454 4277 1092 3562 7574 610 1395 1016 4060 1671 4005 5852 1686 0 7530 761 2334 4726
 6849 3494 5672 1885 3252 7816 7654 7410 6941 1277 5474 6006 4710 4661 6345 6441 8018 7523 8010 5971 4536 6306 5227 1646 4331 1815 7855 7661 3724 7676 7556 3313 6447 4849 484 7337 8006 7414 3497 6302 5598 2225 7618 7530 0 6825 5220 3161
 1564 5491 2042 6774 3981 1689 1081 1812 1127 5790 1417 858 2147 2417 570 2458 2355 910 1991 1093 2372 2036 1823 5203 2616 6471 1993 1256 4292 1726 790 3601 441 2866 6860 925 1894 978 3355 1037 3407 5123 1987 761 6825 0 1661 3992
 2393 4412 1878 5368 2662 2715 2451 2898 2203 4258 726 915 769 1365 1304 2771 3111 2317 2960 791 720 2352 1091 3598 1303 5058 2849 2482 3229 2610 2423 1958 1255 2159 5290 2143 2924 2448 1774 1580 3138 3700 2677 2334 5220 1661 0 2591
 3805 2157 2618 2899 362 5288 4950 4362 3930 1970 2596 3179 1896 1653 3460 3406 5678 4798 5537 3363 2098 3252 2251 1703 1406 2592 5427 5021 1263 5188 4669 1445 3677 1817 3083 4670 5499 4446 1066 3318 2724 1236 5246 4726 3161 3992 2591 0

 0 4754 1228 6392 3680 3145 2443 573 483 5671 1741 1630 2407 2222 1323 1026 3859 2279 3436 2304 2975 735 1722 5304 2608 6088 3484 2670 3645 3130 1602 3990 1774 2166 6790 2393 3321 1042 3671 851 2265 4848 3505 1978 6859 1558 2400 3770
 4754 0 3613 2043 1867 6994 6532 5199 5050 2346 4178 4751 3676 3148 4942 3954 7491 6361 7262 5144 4063 4039 3701 2890 3138 1864 7194 6648 1226 6831 6031 3488 5281 2682 3160 6286 7200 5637 3228 4592 2835 1621 7045 6219 3498 5479 4413 2116
 1228 3613 0 5191 2480 3692 3099 1751 1463 4478 1211 1545 1536 1123 1533 972 4323 2923 3983 2205 2226 666 849 4160 1547 4884 3972 3269 2465 3595 2468 2998 1991 973 5598 2925 3892 2047 2622 1052 1471 3644 3906 2716 5684 2038 1887 2585
 6392 2043 5191 0 2825 8082 7759 6891 6604 1422 5397 5975 4721 4402 6261 5734 8446 7602 8316 6175 4823 5725 5007 2350 4211 335 8208 7819 2801 7877 7439 3805 6490 4250 1465 7464 8281 7147 3813 6040 4718 1712 8006 7536 1904 6777 5384 2873
 3680 1867 2480 2825 0 5344 4974 4209 3843 2028 2600 3182 1962 1600 3459 3200 5774 4813 5593 3445 2240 3080 2206 1884 1430 2502 5504 5050 913 5155 4638 1707 3702 1613 3147 4691 5547 4364 1392 3252 2502 1196 5328 4736 3264 3977 2671 329
 3145 6994 3692 8082 5344 0 766 3213 2684 6940 2853 2286 3440 3869 2205 4092 747 896 304 1961 3322 3681 3331 6218 3956 7751 378 492 5788 270 1681 4546 1766 4449 7939 773 216 2232 4570 2701 5124 6406 560 1249 7823 1680 2719 5250
 2443 6532 3099 7759 4974 766 0 2481 1975 6693 2411 1824 3093 3429 1640 3407 1498 192 1040 1721 3131 3011 2852 6037 3585 7427 1126 286 5323 839 947 4390 1299 3917 7736 345 918 1500 4329 2078 4495 6082 1238 516 7662 1073 2456 4913
 573 5199 1751 6891 4209 3213 2481 0 728 6210 2259 2067 2949 2773 1710 1316 3948 2342 3494 2696 3495 1180 2272 5855 3161 6598 3572 2734 4130 3245 1577 4536 2098 2672 7329 2512 3369 988 4222 1335 2611 5376 3638 2008 7405 1791 2890 4312
 483 5050 1463 6604 3843 2684 1975 728 0 5803 1627 1366 2366 2309 1000 1470 3399 1814 2973 1985 2850 1124 1744 5368 2655 6294 3023 2206 3906 2673 1147 3956 1395 2412 6915 1934 2857 621 3681 699 2664 5018 3052 1514 6955 1125 2214 3899
 5671 2346 4478 1422 2028 6940 6693 6210 5803 0 4415 4968 3682 3517 5302 5200 7237 6551 7152 5054 3634 5087 4107 942 3232 1138 7028 6725 2452 6717 6500 2510 5453 3618 1132 6381 7131 6292 2633 5181 4390 960 6806 6533 1287 5784 4265 1935
 1741 4178 1211 5397 2600 2853 2411 2259 1627 4415 0 614 807 1052 918 2064 3381 2247 3119 1088 1266 1642 527 3868 1228 5068 3063 2506 2967 2693 2117 2372 1142 1676 5496 2144 3054 1973 2140 959 2592 3731 2941 2170 5485 1412 734 2562
 1630 4751 1545 5975 3182 2286 1824 2067 1366 4968 614 0 1339 1634 440 2231 2851 1661 2560 732 1605 1783 1073 4383 1801 5646 2518 1924 3541 2144 1587 2818 558 2196 6039 1563 2488 1552 2648 818 2990 4306 2420 1596 6008 844 914 3136
 2407 3676 1536 4721 1962 3440 3093 2949 2366 3682 807 1339 0 677 1685 2478 3876 2936 3682 1535 758 2121 729 3111 573 4385 3596 3148 2483 3244 2880 1641 1827 1514 4751 2792 3635 2744 1383 1692 2637 3039 3429 2901 4731 2152 787 1872
 2222 3148 1123 4402 1600 3869 3429 2773 2309 3517 1052 1634 677 0 1884 2046 4373 3266 4134 2032 1357 1766 626 3101 447 4080 4069 3531 1941 3703 3058 1903 2166 860 4626 3169 4073 2799 1519 1687 2007 2762 3929 3167 4669 2409 1370 1616
 1323 4942 1533 6261 3459 2205 1640 1710 1000 5302 918 440 1685 1884 0 2057 2835 1465 2489 1029 2011 1614 1281 4747 2108 5933 2479 1786 3736 2103 1238 3209 529 2317 6383 1435 2400 1153 3014 586 2968 4603 2427 1326 6368 577 1324 3438
 1026 3954 972 5734 3200 4092 3407 1316 1470 5200 2064 2231 2478 2046 2057 0 4783 3239 4383 2935 3167 455 1785 4983 2472 5453 4413 3624 2950 4047 2598 3928 2549 1612 6311 3321 4274 2044 3537 1500 1316 4313 4404 2957 6441 2442 2768 3361
 3859 7491 4323 8446 5774 747 1498 3948 3399 7237 3381 2851 3876 4373 2835 4783 0 1623 495 2397 3636 4361 3874 6459 4403 8111 390 1223 6288 742 2413 4794 2362 5016 8184 1463 625 2963 4894 3358 5765 6775 454 1980 8030 2351 3120 5645
 2279 6361 2923 7602 4813 896 192 2342 1814 6551 2247 1661 2936 3266 1465 3239 1623 0 1180 1598 3004 2842 2686 5905 3429 7273 1250 413 5156 936 820 4264 1141 3746 7598 294 1062 1359 4190 1905 4323 5929 1336 384 7530 901 2321 4760
 3436 7262 3983 8316 5593 304 1040 3494 2973 7152 3119 2560 3682 4134 2489 4383 495 1180 0 2202 3533 3975 3605 6413 4208 7984 216 778 6056 448 1955 4740 2048 4730 8137 1066 142 2511 4788 2993 5416 6640 497 1527 8008 1973 2955 5490
 2304 5144 2205 6175 3445 1961 1721 2696 1985 5054 1088 732 1535 2032 1029 2935 2397 1598 2202 0 1456 2483 1577 4366 2057 5837 2106 1718 3938 1756 1849 2715 688 2726 6072 1384 2153 2012 2674 1508 3627 4491 1947 1680 5989 1095 806 3336
 2975 4063 2226 4823 2240 3322 3131 3495 2850 3634 1266 1605 758 1357 2011 3167 3636 3004 3533 1456 0 2790 1405 2926 1088 4490 3413 3131 2938 3098 3139 1275 1975 2195 4638 2802 3512 3128 1273 2195 3341 3160 3201 3056 4547 2367 728 2064
 735 4039 666 5725 3080 3681 3011 1180 1124 5087 1642 1783 2121 1766 1614 455 4361 2842 3975 2483 2790 0 1417 4800 2190 5433 3997 3222 2960 3629 2246 3636 2109 1514 6207 2910 3870 1726 3267 1060 1550 4233 3979 2578 6308 2022 2351 3209
 1722 3701 849 5007 2206 3331 2852 2272 1744 4107 527 1073 729 626 1281 1785 3874 2686 3605 1577 1405 1417 0 3644 931 4685 3554 2968 2493 3182 2453 2291 1602 1170 5210 2606 3534 2205 1972 1098 2129 3366 3437 2570 5235 1815 1096 2214
 5304 2890 4160 2350 1884 6218 6037 5855 5368 942 3868 4383 3111 3101 4747 4983 6459 5905 6413 4366 2926 4800 3644 0 2748 2054 6273 6040 2589 5981 5941 1726 4833 3408 1751 5709 6399 5800 1993 4713 4362 1300 6038 5923 1653 5194 3602 1665
 2608 3138 1547 4211 1430 3956 3585 3161 2655 3232 1228 1801 573 447 2108 2472 4403 3429 4208 2057 1088 2190 931 2748 0 3880 4120 3655 1956 3767 3306 1491 2314 1192 4325 3297 4155 3103 1112 2003 2366 2539 3955 3366 4340 2609 1309 1370
 6088 1864 4884 335 2502 7751 7427 6598 6294 1138 5068 5646 4385 4080 5933 5453 8111 7273 7984 5837 4490 5433 4685 2054 3880 0 7877 7491 2527 7546 7121 3480 6164 3954 1402 7136 7951 6836 3482 5727 4466 1383 7675 7213 1814 6454 5054 2546
 3484 7194 3972 8208 5504 378 1126 3572 3023 7028 3063 2518 3596 4069 2479 4413 390 1250 216 2106 3413 3997 3554 6273 4120 7877 0 851 5989 385 2043 4604 2018 4689 8001 1091 317 2590 4669 2998 5412 6533 299 1608 7864 1986 2855 5391
 2670 6648 3269 7819 5050 492 286 2734 2206 6725 2506 1924 3148 3531 1786 3624 1223 413 778 1718 3131 3222 2968 6040 3655 7491 851 0 5441 567 1203 4382 1397 4062 7752 360 662 1751 4353 2261 4685 6143 965 768 7662 1241 2480 4977
 3645 1226 2465 2801 913 5788 5323 4130 3906 2452 2967 3541 2483 1941 3736 2950 6288 5156 6056 3938 2938 2960 2493 2589 1956 2527 5989 5441 0 5624 4849 2586 4073 1519 3508 5078 5992 4480 2234 3411 1985 1526 5844 5022 3725 4277 3227 1219
 3130 6831 3595 7877 5155 270 839 3245 2673 6717 2693 2144 3244 3703 2103 4047 742 936 448 1756 3098 3629 3182 5981 3767 7546 385 567 5624 0 1738 4313 1644 4316 7708 739 429 2270 4351 2626 5038 6201 410 1302 7585 1619 2516 5052
 1602 6031 2468 7439 4638 1681 947 1577 1147 6500 2117 1587 2880 3058 1238 2598 2413 820 1955 1849 3139 2246 2453 5941 3306 7121 2043 1203 4849 1738 0 4371 1208 3372 7582 1035 1825 593 4205 1466 3772 5793 2133 473 7563 781 2427 4631
 3990 3488 2998 3805 1707 4546 4390 4536 3956 2510 2372 2818 1641 1903 3209 3928 4794 4264 4740 2715 1275 3636 2291 1726 1491 3480 4604 4382 2586 4313 4371 0 3220 2544 3447 4051 4723 4304 684 3281 3699 2225 4365 4306 3330 3602 1972 1417
 1774 5281 1991 6490 3702 1766 1299 2098 1395 5453 1142 558 1827 2166 529 2549 2362 1141 2048 688 1975 2109 1602 4833 2314 6164 2018 1397 4073 1644 1208 3220 0 2710 6511 1033 1968 1355 3105 1077 3436 4816 1943 1118 6461 439 1266 3646
 2166 2682 973 4250 1613 4449 3917 2672 2412 3618 1676 2196 1514 860 2317 1612 5016 3746 4730 2726 2195 1514 1170 3408 1192 3954 4689 4062 1519 4316 3372 2544 2710 0 4732 3703 4651 2988 2122 1935 1201 2746 4581 3579 4854 2855 2161 1777
 6790 3160 5598 1465 3147 7939 7736 7329 6915 1132 5496 6039 4751 4626 6383 6311 8184 7598 8137 6072 4638 6207 5210 1751 4325 1402 8001 7752 3508 7708 7582 3447 6511 4732 0 7410 8119 7390 3663 6282 5463 2036 7761 7594 492 6852 5295 3046
 2393 6286 2925 7464 4691 773 345 2512 1934 6381 2144 1563 2792 3169 1435 3321 1463 294 1066 1384 2802 2910 2606 5709 3297 7136 1091 360 5078 739 1035 4051 1033 3703 7410 0 970 1545 4014 1929 4353 5790 1127 621 7336 908 2139 4624
 3321 7200 3892 8281 5547 216 918 3369 2857 7131 3054 2488 3635 4073 2400 4274 625 1062 142 2153 3512 3870 3534 6399 4155 7951 317 662 5992 429 1825 4723 1968 4651 8119 970 0 2387 4764 2897 5321 6605 580 1405 8004 1876 2919 5452
 1042 5637 2047 7147 4364 2232 1500 988 621 6292 1973 1552 2744 2799 1153 2044 2963 1359 2511 2012 3128 1726 2205 5800 3103 6836 2590 1751 4480 2270 593 4304 1355 2988 7390 1545 2387 0 4085 1145 3266 5538 2666 1025 7411 959 2442 4398
 3671 3228 2622 3813 1392 4570 4329 4222 3681 2633 2140 2648 1383 1519 3014 3537 4894 4190 4788 2674 1273 3267 1972 1993 1112 3482 4669 4353 2234 4351 4205 684 3105 2122 3663 4014 4764 4085 0 2977 3235 2118 4418 4155 3580 3422 1854 1104
 851 4592 1052 6040 3252 2701 2078 1335 699 5181 959 818 1692 1687 586 1500 3358 1905 2993 1508 2195 1060 1098 4713 2003 5727 2998 2261 3411 2626 1466 3281 1077 1935 6282 1929 2897 1145 2977 0 2452 4421 2960 1691 6310 1029 1585 3281
 2265 2835 1471 4718 2502 5124 4495 2611 2664 4390 2592 2990 2637 2007 2968 1316 5765 4323 5416 3627 3341 1550 2129 4362 2366 4466 5412 4685 1985 5038 3772 3699 3436 1201 5463 4353 5321 3266 3235 2452 0 3449 5335 4063 5644 3437 3181 2725
 4848 1621 3644 1712 1196 6406 6082 5376 5018 960 3731 4306 3039 2762 4603 4313 6775 5929 6640 4491 3160 4233 3366 1300 2539 1383 6533 6143 1526 6201 5793 2225 4816 2746 2036 5790 6605 5538 2118 4421 3449 0 6332 5870 2231 5113 3703 1197
 3505 7045 3906 8006 5328 560 1238 3638 3052 6806 2941 2420 3429 3929 2427 4404 454 1336 497 1947 3201 3979 3437 6038 3955 7675 299 965 5844 410 2133 4365 1943 4581 7761 1127 580 2666 4418 2960 5335 6332 0 1701 7621 1974 2677 5204
 1978 6219 2716 7536 4736 1249 516 2008 1514 6533 2170 1596 2901 3167 1326 2957 1980 384 1527 1680 3056 2578 2570 5923 3366 7213 1608 768 5022 1302 473 4306 1118 3579 7594 621 1405 1025 4155 1691 4063 5870 1701 0 7549 764 2350 4700
 6859 3498 5684 1904 3264 7823 7662 7405 6955 1287 5485 6008 4731 4669 6368 6441 8030 7530 8008 5989 4547 6308 5235 1653 4340 1814 7864 7662 3725 7585 7563 3330 6461 4854 492 7336 8004 7411 3580 6310 5644 2231 7621 7549 0 6821 5229 3128
 1558 5479 2038 6777 3977 1680 1073 1791 1125 5784 1412 844 2152 2409 577 2442 2351 901 1973 1095 2367 2022 1815 5194 2609 6454 1986 1241 4277 1619 781 3602 439 2855 6852 908 1876 959 3422 1029 3437 5113 1974 764 6821 0 1659 3948
 2400 4413 1887 5384 2671 2719 2456 2890 2214 4265 734 914 787 1370 1324 2768 3120 2321 2955 806 728 2351 1096 3602 1309 5054 2855 2480 3227 2516 2427 1972 1266 2161 5295 2139 2919 2442 1854 1585 3181 3703 2677 2350 5229 1659 0 2556
 3770 2116 2585 2873 329 5250 4913 4312 3899 1935 2562 3136 1872 1616 3438 3361 5645 4760 5490 3336 2064 3209 2214 1665 1370 2546 5391 4977 1219 5052 4631 1417 3646 1777 3046 4624 5452 4398 1104 3281 2725 1197 5204 4700 3128 3948 2556 0

 0 4735 1235 6391 3675 3142 2428 590 493 5671 1731 1623 2391 2228 1300 1015 3844 2293 3427 2278 2987 730 1719 5306 2611 6106 3473 2681 3636 3127 1584 3977 1777 2214 6785 2406 3331 1056 3540 836 2221 4835 3504 1969 6848 1554 2398 3787
 4735 0 3610 2032 1852 6981 6507 5206 5050 2336 4158 4734 3650 3144 4909 3933 7466 6365 7243 5108 4065 4024 3688 2882 3131 1872 7173 6649 1207 6818 6003 3465 5274 2720 3145 6289 7200 5641 3087 4567 2781 1598 7034 6200 3477 5465 4401 2123
 1235 3610 0 5198 2483 3697 3092 1776 1481 4486 1209 1546 1528 1137 1518 969 4316 2945 3982 2187 2246 669 854 4170 1558 4910 3969 3288 2464 3600 2458 2993 2002 1029 5601 2946 3910 2069 2499 1045 1435 3639 3913 2715 5681 2042 1893 2610
 6391 2032 5198 0 2823 8082 7747 6911 6617 1425 5390 5971 4708 4411 6241 5726 8434 7619 8310 6152 4838 5723 5007 2355 4217 356 8200 7833 2795 7877 7424 3795 6496 4301 1463 7480 8294 7164 3685 6028 4677 1702 8008 7530 1896 6776 5385 2893
 3675 1852 2483 2823 0 5341 4959 4226 3853 2028 2590 3175 1946 1606 3436 3189 5759 4827 5584 3419 2252 3075 2203 1886 1433 2520 5493 5061 904 5152 4620 1694 3705 1661 3142 4704 5557 4378 1261 3237 2458 1183 5327 4727 3253 3973 2669 346
 3142 6981 3697 8082 5341 0 752 3231 2695 6941 2844 2280 3425 3876 2183 4082 733 911 296 1936 3335 3677 3329 6221 3960 7770 368 504 5780 268 1664 4534 1770 4498 7935 787 227 2247 4440 2687 5081 6394 560 1241 7813 1677 2718 5268
 2428 6507 3092 7747 4959 752 0 2491 1978 6686 2394 1810 3070 3428 1610 3389 1476 199 1024 1688 3136 2999 2842 6032 3581 7438 1108 290 5307 829 922 4370 1295 3958 7724 351 921 1507 4191 2056 4444 6062 1230 500 7644 1062 2447 4923
 590 5206 1776 6911 4226 3231 2491 0 753 6225 2264 2075 2948 2794 1702 1320 3948 2371 3500 2685 3522 1190 2284 5872 3179 6631 3576 2760 4136 3257 1574 4538 2116 2735 7339 2540 3394 1017 4106 1335 2582 5378 3652 2014 7409 1802 2903 4344
 493 5050 1481 6617 3853 2695 1978 753 0 5813 1627 1369 2360 2325 987 1469 3394 1838 2974 1969 2872 1129 1751 5380 2668 6322 3022 2227 3907 2680 1139 3953 1408 2470 6920 1957 2877 645 3560 694 2630 5015 3061 1515 6954 1131 2222 3926
 5671 2336 4486 1425 2028 6941 6686 6225 5813 0 4408 4964 3669 3526 5282 5192 7225 6568 7146 5031 3649 5085 4107 947 3238 1159 7020 6739 2446 6717 6485 2500 5459 3669 1130 6397 7144 6309 2505 5169 4349 950 6808 6527 1279 5783 4266 1955
 1731 4158 1209 5390 2590 2844 2394 2264 1627 4408 0 604 788 1055 892 2050 3363 2258 3107 1059 1275 1634 521 3867 1228 5083 3049 2514 2955 2687 2096 2356 1142 1721 5488 2154 3061 1984 2006 941 2545 3715 2937 2158 5471 1405 729 2576
 1623 4734 1546 5971 3175 2280 1810 2075 1369 4964 604 0 1322 1639 416 2219 2835 1674 2550 705 1616 1777 1069 4384 1803 5663 2506 1934 3531 2140 1568 2804 560 2243 6033 1575 2497 1565 2516 802 2945 4292 2418 1586 5996 839 911 3152
 2391 3650 1528 4708 1946 3425 3070 2948 2360 3669 788 1322 0 675 1654 2459 3853 2942 3665 1501 762 2108 718 3105 568 4395 3577 3151 2466 3233 2854 1620 1822 1554 4738 2797 3637 2750 1244 1669 2585 3018 3420 2884 4712 2140 777 1881
 2228 3144 1137 4411 1606 3876 3428 2794 2325 3526 1055 1639 675 0 1868 2042 4365 3287 4132 2013 1376 1768 630 3110 457 4105 4065 3549 1939 3707 3047 1897 2176 915 4628 3189 4090 2820 1395 1679 1970 2756 3935 3165 4665 2412 1375 1640
 1300 4909 1518 6241 3436 2183 1610 1702 987 5282 892 416 1654 1868 0 2034 2808 1467 2468 991 2011 1597 1266 4737 2099 5939 2456 1785 3715 2088 1208 3184 520 2353 6366 1436 2398 1155 2871 559 2912 4578 2414 1305 6345 561 1310 3443
 1015 3933 969 5726 3189 4082 3389 1320 1469 5192 2050 2219 2459 2042 2034 0 4764 3249 4370 2905 3175 446 1778 4981 2471 5467 4398 3631 2937 4040 2576 3911 2548 1656 6302 3330 4280 2054 3402 1481 1268 4296 4399 2944 6426 2434 2762 3374
 3844 7466 4316 8434 5759 733 1476 3948 3394 7225 3363 2835 3853 4365 2808 4764 0 1630 479 2364 3641 4349 3864 6454 4399 8122 372 1227 6272 732 2388 4774 2358 5057 8172 1469 628 2970 4756 3336 5714 6755 446 1964 8012 2340 3111 5655
 2293 6365 2945 7619 4827 911 199 2371 1838 6568 2258 1674 2942 3287 1467 3249 1630 0 1183 1584 3028 2849 2695 5919 3444 7303 1251 436 5159 945 814 4263 1156 3806 7605 319 1084 1385 4071 1902 4291 5928 1347 387 7531 909 2331 4789
 3427 7243 3982 8310 5584 296 1024 3500 2974 7146 3107 2550 3665 4132 2468 4370 479 1183 0 2173 3542 3967 3599 6412 4208 7999 202 786 6044 442 1934 4724 2048 4775 8129 1076 149 2522 4654 2975 5369 6624 493 1515 7994 1966 2950 5504
 2278 5108 2187 6152 3419 1936 1688 2685 1969 5031 1059 705 1501 2013 991 2905 2364 1584 2173 0 1454 2464 1560 4354 2046 5841 2081 1715 3915 1739 1817 2688 677 2760 6053 1383 2149 2012 2529 1479 3569 4464 1932 1657 5964 1077 790 3339
 2987 4065 2246 4838 2252 3335 3136 3522 2872 3649 1275 1616 762 1376 2011 3175 3641 3028 3542 1454 0 2796 1413 2939 1102 4519 3413 3153 2940 3106 3132 1273 1989 2254 4644 2826 3533 3153 1153 2191 3308 3158 3211 3058 4547 2374 737 2092
 730 4024 669 5723 3075 3677 2999 1190 1129 5085 1634 1777 2108 1768 1597 446 4349 2849 3967 2464 2796 0 1414 4802 2193 5451 3986 3233 2951 3626 2228 3623 2112 1562 6202 2923 3880 1740 3136 1045 1506 4220 3978 2569 6297 2018 2349 3226
 1719 3688 854 5007 2203 3329 2842 2284 1751 4107 521 1069 718 630 1266 1778 3864 2695 3599 1560 1413 1414 0 3648 936 4705 3545 2981 2486 3181 2437 2280 1607 1220 5207 2621 3546 2221 1843 1085 2087 3355 3438 2563 5226 1813 1096 2233
 5306 2882 4170 2355 1886 6221 6032 5872 5380 947 3867 4384 3105 3110 4737 4981 6454 5919 6412 4354 2939 4802 3648 0 2756 2077 6267 6056 2585 5983 5928 1718 4841 3461 1751 5727 6414 5819 1867 4703 4323 1292 6042 5919 1647 5195 3605 1687
 2611 3131 1558 4217 1433 3960 3581 3179 2668 3238 1228 1803 568 457 2099 2471 4399 3444 4208 2046 1102 2193 936 2756 0 3903 4114 3671 1952 3769 3293 1483 2322 1245 4325 3315 4170 3122 986 1993 2327 2531 3959 3362 4334 2610 1312 1392
 6106 1872 4910 356 2520 7770 7438 6631 6322 1159 5083 5663 4395 4105 5939 5467 8122 7303 7999 5841 4519 5451 4705 2077 3903 0 7881 7517 2533 7558 7118 3482 6182 4017 1412 7164 7976 6865 3366 5727 4437 1385 7689 7219 1818 6465 5067 2578
 3473 7173 3969 8200 5493 368 1108 3576 3022 7020 3049 2506 3577 4065 2456 4398 372 1251 202 2081 3413 3986 3545 6267 4114 7881 0 858 5976 378 2021 4587 2017 4733 7992 1100 323 2600 4534 2979 5364 6516 294 1595 7849 1978 2849 5404
 2681 6649 3288 7833 5061 504 290 2760 2227 6739 2514 1934 3151 3549 1785 3631 1227 436 786 1715 3153 3233 2981 6056 3671 7517 858 0 5443 575 1196 4380 1411 4121 7758 384 683 1776 4233 2257 4652 6141 975 770 7662 1248 2489 5005
 3636 1207 2464 2795 904 5780 5307 4136 3907 2446 2955 3531 2466 1939 3715 2937 6272 5159 6044 3915 2940 2951 2486 2585 1952 2533 5976 5443 0 5618 4828 2570 4073 1564 3500 5088 5999 4491 2100 3393 1938 1510 5840 5010 3711 4270 3222 1233
 3127 6818 3600 7877 5152 268 829 3257 2680 6717 2687 2140 3233 3707 2088 4040 732 945 442 1739 3106 3626 3181 5983 3769 7558 378 575 5618 0 1721 4301 1648 4365 7704 753 440 2285 4221 2612 4995 6189 410 1294 7575 1616 2515 5070
 1584 6003 2458 7424 4620 1664 922 1574 1139 6485 2096 1568 2854 3047 1208 2576 2388 814 1934 1817 3132 2228 2437 5928 3293 7118 2021 1196 4828 1721 0 4350 1203 3412 7569 1040 1827 599 4066 1443 3720 5772 2124 456 7544 769 2417 4640
 3977 3465 2993 3795 1694 4534 4370 4538 3953 2500 2356 2804 1620 1897 3184 3911 4774 4263 4724 2688 1273 3623 2280 1718 1483 3482 4587 4380 2570 4301 4350 0 3217 2586 3436 4058 4727 4312 547 3260 3649 2206 4358 4291 3313 3592 1964 1428
 1777 5274 2002 6496 3705 1770 1295 2116 1408 5459 1142 560 1822 2176 520 2548 2358 1156 2048 677 1989 2112 1607 4841 2322 6182 2017 1411 4073 1648 1203 3217 0 2763 6511 1051 1983 1374 2979 1067 3397 4808 1947 1114 6455 440 1269 3668
 2214 2720 1029 4301 1661 4498 3958 2735 2470 3669 1721 2243 1554 915 2353 1656 5057 3806 4775 2760 2254 1562 1220 3461 1245 4017 4733 4121 1564 4365 3412 2586 2763 0 4762 3751 4696 3037 2026 1955 1192 2768 4615 3605 4878 2886 2194 1829
 6785 3145 5601 1463 3142 7935 7724 7339 6920 1130 5488 6033 4738 4628 6366 6302 8172 7605 8129 6053 4644 6202 5207 1751 4325 1412 7992 7758 3500 7704 7569 3436 6511 4762 0 7423 8129 7404 3532 6267 5419 2023 7760 7585 481 6848 5293 3063
 2406 6289 2946 7480 4704 787 351 2540 1957 6397 2154 1575 2797 3189 1436 3330 1469 319 1076 1383 2826 2923 2621 5727 3315 7164 1100 384 5088 753 1040 4058 1051 3751 7423 0 992 1571 3895 1926 4321 5789 1138 624 7337 916 2149 4653
 3331 7200 3910 8294 5557 227 921 3394 2877 7144 3061 2497 3637 4090 2398 4280 628 1084 149 2149 3533 3880 3546 6414 4170 7976 323 683 5999 440 1827 4727 1983 4696 8129 992 0 2411 4643 2892 5287 6602 589 1406 8003 1882 2927 5479
 1056 5641 2069 7164 4378 2247 1507 1017 645 6309 1984 1565 2750 2820 1155 2054 2970 1385 2522 2012 3153 1740 2221 5819 3122 6865 2600 1776 4491 2285 599 4312 1374 3037 7404 1571 2411 0 3967 1143 3235 5538 2678 1029 7413 968 2453 4428
 3540 3087 2499 3685 1261 4440 4191 4106 3560 2505 2006 2516 1244 1395 2871 3402 4756 4071 4654 2529 1153 3136 1843 1867 986 3366 4534 4233 2100 4221 4066 547 2979 2026 3532 3895 4643 3967 0 2878 3107 2021 4333 4062 3485 3334 1768 1037
 836 4567 1045 6028 3237 2687 2056 1335 694 5169 941 802 1669 1679 559 1481 3336 1902 2975 1479 2191 1045 1085 4703 1993 5727 2979 2257 3393 2612 1443 3260 1067 1955 6267 1926 2892 1143 2878 0 2401 4401 2952 1675 6292 1018 1576 3291
 2221 2781 1435 4677 2458 5081 4444 2582 2630 4349 2545 2945 2585 1970 2912 1268 5714 4291 5369 3569 3308 1506 2087 4323 2327 4437 5364 4652 1938 4995 3720 3649 3397 1192 5419 4321 5287 3235 3107 2401 0 3410 5308 4028 5607 3407 3153 2716
 4835 1598 3639 1702 1183 6394 6062 5378 5015 950 3715 4292 3018 2756 4578 4296 6755 5928 6624 4464 3158 4220 3355 1292 2531 1385 6516 6141 1510 6189 5772 2206 4808 2768 2023 5789 6602 5538 2021 4401 3410 0 6326 5856 2215 5104 3696 1209
 3504 7034 3913 8008 5327 560 1230 3652 3061 6808 2937 2418 3420 3935 2414 4399 446 1347 493 1932 3211 3978 3438 6042 3959 7689 294 975 5840 410 2124 4358 1947 4615 7760 1138 589 2678 4333 2952 5308 6326 0 1695 7613 1973 2678 5224
 1969 6200 2715 7530 4727 1241 500 2014 1515 6527 2158 1586 2884 3165 1305 2944 1964 387 1515 1657 3058 2569 2563 5919 3362 7219 1595 770 5010 1294 456 4291 1114 3605 7585 624 1406 1029 4062 1675 4028 5856 1695 0 7536 758 2346 4715
 6848 3477 5681 1896 3253 7813 7644 7409 6954 1279 5471 5996 4712 4665 6345 6426 8012 7531 7994 5964 4547 6297 5226 1647 4334 1818 7849 7662 3711 7575 7544 3313 6455 4878 481 7337 8003 7413 3485 6292 5607 2215 7613 7536 0 6813 5223 3141
 1554 5465 2042 6776 3973 1677 1062 1802 1131 5783 1405 839 2140 2412 561 2434 2340 909 1966 1077 2374 2018 1813 5195 2610 6465 1978 1248 4270 1616 769 3592 440 2886 6848 916 1882 968 3334 1018 3407 5104 1973 758 6813 0 1658 3966
 2398 4401 1893 5385 2669 2718 2447 2903 2222 4266 729 911 777 1375 1310 2762 3111 2331 2950 790 737 2349 1096 3605 1312 5067 2849 2489 3222 2515 2417 1964 1269 2194 5293 2149 2927 2453 1768 1576 3153 3696 2678 2346 5223 1658 0 2575
 3787 2123 2610 2893 346 5268 4923 4344 3926 1955 2576 3152 1881 1640 3443 3374 5655 4789 5504 3339 2092 3226 2233 1687 1392 2578 5404 5005 1233 5070 4640 1428 3668 1829 3063 4653 5479 4428 1037 3291 2716 1209 5224 4715 3141 3966 2575 0

 0 44 42 38 46 48 36 46 36 44 36 44 40 46 46 34 36 42 48 36 46 42 42 48 38 40 34 42 38 36 38 38 40 34 38 44 36 36 36 38 36 44 48 40 38 44 38 46
 52 0 54 50 58 60 48 58 48 56 48 56 52 58 58 46 48 54 60 48 58 54 54 60 50 52 46 54 50 48 50 50 52 46 50 56 48 48 48 50 48 56 60 52 50 56 50 58
 46 50 0 44 52 54 42 52 42 50 42 50 46 52 52 40 42 48 54 42 52 48 48 54 44 46 40 48 44 42 44 44 46 40 44 50 42 42 42 44 42 50 54 46 44 50 44 52
 34 38 36 0 40 42 30 40 30 38 30 38 34 40 40 28 30 36 42 30 40 36 36 42 32 34 28 36 32 30 32 32 34 28 32 38 30 30 30 32 30 38 42 34 32 38 32 40
 58 62 60 56 0 66 54 64 54 62 54 62 58 64 64 52 54 60 66 54 64 60 60 66 56 58 52 60 56 54 56 56 58 52 56 62 54 54 54 56 54 62 66 58 56 62 56 64
 64 68 66 62 70 0 60 70 60 68 60 68 64 70 70 58 60 66 72 60 70 66 66 72 62 64 58 66 62 60 62 62 64 58 62 68 60 60 60 62 60 68 72 64 62 68 62 70
 28 32 30 26 34 36 0 34 24 32 24 32 28 34 34 22 24 30 36 24 34 30 30 36 26 28 22 30 26 24 26 26 28 22 26 32 24 24 24 26 24 32 36 28 26 32 26 34
 58 62 60 56 64 66 54 0 54 62 54 62 58 64 64 52 54 60 66 54 64 60 60 66 56 58 52 60 56 54 56 56 58 52 56 62 54 54 54 56 54 62 66 58 56 62 56 64
 28 32 30 26 34 36 24 34 0 32 24 32 28 34 34 22 24 30 36 24 34 30 30 36 26 28 22 30 26 24 26 26 28 22 26 32 24 24 24 26 24 32 36 28 26 32 26 34
 52 56 54 50 58 60 48 58 48 0 48 56 52 58 58 46 48 54 60 48 58 54 54 60 50 52 46 54 50 48 50 50 52 46 50 56 48 48 48 50 48 56 60 52 50 56 50 58
 28 32 30 26 34 36 24 34 24 32 0 32 28 34 34 22 24 30 36 24 34 30 30 36 26 28 22 30 26 24 26 26 28 22 26 32 24 24 24 26 24 32 36 28 26 32 26 34
 52 56 54 50 58 60 48 58 48 56 48 0 52 58 58 46 48 54 60 48 58 54 54 60 50 52 46 54 50 48 50 50 52 46 50 56 48 48 48 50 48 56 60 52 50 56 50 58
 40 44 42 38 46 48 36 46 36 44 36 44 0 46 46 34 36 42 48 36 46 42 42 48 38 40 34 42 38 36 38 38 40 34 38 44 36 36 36 38 36 44 48 40 38 44 38 46
 58 62 60 56 64 66 54 64 54 62 54 62 58 0 64 52 54 60 66 54 64 60 60 66 56 58 52 60 56 54 56 56 58 52 56 62 54 54 54 56 54 62 66 58 56 62 56 64
 58 62 60 56 64 66 54 64 54 62 54 62 58 64 0 52 54 60 66 54 64 60 60 66 56 58 52 60 56 54 56 56 58 52 56 62 54 54 54 56 54 62 66 58 56 62 56 64
 22 26 24 20 28 30 18 28 18 26 18 26 22 28 28 0 18 24 30 18 28 24 24 30 20 22 16 24 20 18 20 20 22 16 20 26 18 18 18 20 18 26 30 22 20 26 20 28
 28 32 30 26 34 36 24 34 24 32 24 32 28 34 34 22 0 30 36 24 34 30 30 36 26 28 22 30 26 24 26 26 28 22 26 32 24 24 24 26 24 32 36 28 26 32 26 34
 46 50 48 44 52 54 42 52 42 50 42 50 46 52 52 40 42 0 54 42 52 48 48 54 44 46 40 48 44 42 44 44 46 40 44 50 42 42 42 44 42 50 54 46 44 50 44 52
 64 68 66 62 70 72 60 70 60 68 60 68 64 70 70 58 60 66 0 60 70 66 66 72 62 64 58 66 62 60 62 62 64 58 62 68 60 60 60 62 60 68 72 64 62 68 62 70
 28 32 30 26 34 36 24 34 24 32 24 32 28 34 34 22 24 30 36 0 34 30 30 36 26 28 22 30 26 24 26 26 28 22 26 32 24 24 24 26 24 32 36 28 26 32 26 34
 58 62 60 56 64 66 54 64 54 62 54 62 58 64 64 52 54 60 66 54 0 60 60 66 56 58 52 60 56 54 56 56 58 52 56 62 54 54 54 56 54 62 66 58 56 62 56 64
 46 50 48 44 52 54 42 52 42 50 42 50 46 52 52 40 42 48 54 42 52 0 48 54 44 46 40 48 44 42 44 44 46 40 44 50 42 42 42 44 42 50 54 46 44 50 44 52
 46 50 48 44 52 54 42 52 42 50 42 50 46 52 52 40 42 48 54 42 52 48 0 54 44 46 40 48 44 42 44 44 46 40 44 50 42 42 42 44 42 50 54 46 44 50 44 52
 64 68 66 62 70 72 60 70 60 68 60 68 64 70 70 58 60 66 72 60 70 66 66 0 62 64 58 66 62 60 62 62 64 58 62 68 60 60 60 62 60 68 72 64 62 68 62 70
 34 38 36 32 40 42 30 40 30 38 30 38 34 40 40 28 30 36 42 30 40 36 36 42 0 34 28 36 32 30 32 32 34 28 32 38 30 30 30 32 30 38 42 34 32 38 32 40
 40 44 42 38 46 48 36 46 36 44 36 44 40 46 46 34 36 42 48 36 46 42 42 48 38 0 34 42 38 36 38 38 40 34 38 44 36 36 36 38 36 44 48 40 38 44 38 46
 22 26 24 20 28 30 18 28 18 26 18 26 22 28 28 16 18 24 30 18 28 24 24 30 20 22 0 24 20 18 20 20 22 16 20 26 18 18 18 20 18 26 30 22 20 26 20 28
 46 50 48 44 52 54 42 52 42 50 42 50 46 52 52 40 42 48 54 42 52 48 48 54 44 46 40 0 44 42 44 44 46 40 44 50 42 42 42 44 42 50 54 46 44 50 44 52
 34 38 36 32 40 42 30 40 30 38 30 38 34 40 40 28 30 36 42 30 40 36 36 42 32 34 28 36 0 30 32 32 34 28 32 38 30 30 30 32 30 38 42 34 32 38 32 40
 28 32 30 26 34 36 24 34 24 32 24 32 28 34 34 22 24 30 36 24 34 30 30 36 26 28 22 30 26 0 26 26 28 22 26 32 24 24 24 26 24 32 36 28 26 32 26 34
 34 38 36 32 40 42 30 40 30 38 30 38 34 40 40 28 30 36 42 30 40 36 36 42 32 34 28 36 32 30 0 32 34 28 32 38 30 30 30 32 30 38 42 34 32 38 32 40
 34 38 36 32 40 42 30 40 30 38 30 38 34 40 40 28 30 36 42 30 40 36 36 42 32 34 28 36 32 30 32 0 34 28 32 38 30 30 30 32 30 38 42 34 32 38 32 40
 40 44 42 38 46 48 36 46 36 44 36 44 40 46 46 34 36 42 48 36 46 42 42 48 38 40 34 42 38 36 38 38 0 34 38 44 36 36 36 38 36 44 48 40 38 44 38 46
 22 26 24 20 28 30 18 28 18 26 18 26 22 28 28 16 18 24 30 18 28 24 24 30 20 22 16 24 20 18 20 20 22 0 20 26 18 18 18 20 18 26 30 22 20 26 20 28
 34 38 36 32 40 42 30 40 30 38 30 38 34 40 40 28 30 36 42 30 40 36 36 42 32 34 28 36 32 30 32 32 34 28 0 38 30 30 30 32 30 38 42 34 32 38 32 40
 52 56 54 50 58 60 48 58 48 56 48 56 52 58 58 46 48 54 60 48 58 54 54 60 50 52 46 54 50 48 50 50 52 46 50 0 48 48 48 50 48 56 60 52 50 56 50 58
 28 32 30 26 34 36 24 34 24 32 24 32 28 34 34 22 24 30 36 24 34 30 30 36 26 28 22 30 26 24 26 26 28 22 26 32 0 24 24 26 24 32 36 28 26 32 26 34
 28 32 30 26 34 36 24 34 24 32 24 32 28 34 34 22 24 30 36 24 34 30 30 36 26 28 22 30 26 24 26 26 28 22 26 32 24 0 24 26 24 32 36 28 26 32 26 34
 28 32 30 26 34 36 24 34 24 32 24 32 28 34 34 22 24 30 36 24 34 30 30 36 26 28 22 30 26 24 26 26 28 22 26 32 24 24 0 26 24 32 36 28 26 32 26 34
 34 38 36 32 40 42 30 40 30 38 30 38 34 40 40 28 30 36 42 30 40 36 36 42 32 34 28 36 32 30 32 32 34 28 32 38 30 30 30 0 30 38 42 34 32 38 32 40
 28 32 30 26 34 36 24 34 24 32 24 32 28 34 34 22 24 30 36 24 34 30 30 36 26 28 22 30 26 24 26 26 28 22 26 32 24 24 24 26 0 32 36 28 26 32 26 34
 52 56 54 50 58 60 48 58 48 56 48 56 52 58 58 46 48 54 60 48 58 54 54 60 50 52 46 54 50 48 50 50 52 46 50 56 48 48 48 50 48 0 60 52 50 56 50 58
 64 68 66 62 70 72 60 70 60 68 60 68 64 70 70 58 60 66 72 60 70 66 66 72 62 64 58 66 62 60 62 62 64 58 62 68 60 60 60 62 60 68 0 64 62 68 62 70
