26 3

   0  16  20  50  46  55  66  55  58  78  61  53  39  38  52  53  55  46  34  25  15  20  29  36  27  24
  16   0  16  49  48  57  69  58  62  83  67  59  44  45  59  60  61  53  40  30  22  23  30  39  34  19
  20  16   0  54  54  64  75  65  69  89  73  65  51  50  62  61  61  54  41  37  26  21  36  45  39  20
  50  49  54   0  22  36  43  38  50  68  63  63  45  64  78  86  91  80  70  45  52  61  28  32  52  49
  46  48  54  22   0  22  30  24  36  54  49  50  33  55  68  78  84  73  64  40  48  59  25  24  44  50
  55  57  64  36  22   0  29  20  32  50  46  48  33  57  68  78  86  74  67  44  53  65  33  28  47  59
  66  69  75  43  30  29   0  21  31  43  46  53  42  67  76  87  96  84  77  56  65  77  46  41  57  71
  55  58  65  38  24  20  21   0  24  40  38  43  31  56  65  76  85  73  66  45  54  67  37  31  46  62
  58  62  69  50  36  32  31  24   0  28  22  32  27  50  56  67  77  65  61  46  54  68  45  37  43  68
  78  83  89  68  54  50  43  40  28   0  30  45  44  66  69  80  91  79  76  63  71  85  61  54  60  85
  61  67  73  63  49  46  46  38  22  30   0  25  31  47  46  57  69  57  56  50  55  70  54  47  43  74
  53  59  65  63  50  48  53  43  32  45  25   0  25  37  39  50  60  48  46  42  45  60  48  42  33  66
  39  44  51  45  33  33  42  31  27  44  31  25   0  33  43  53  62  50  43  28  35  49  31  25  25  51
  38  45  50  64  55  57  67  56  50  66  47  37  33   0  33  40  47  35  28  31  28  41  43  42  18  52
  52  59  62  78  68  68  76  65  56  69  46  39  43  33   0  27  38  26  28  46  41  53  58  56  33  66
  53  60  61  86  78  78  87  76  67  80  57  50  53  40  27   0  20  15  24  55  45  53  68  67  43  70
  55  61  61  91  84  86  96  85  77  91  69  60  62  47  38  20   0  19  24  58  46  51  70  71  46  70
  46  53  54  80  73  74  84  73  65  79  57  48  50  35  26  15  19   0  17  49  38  45  61  61  36  63
  34  40  41  70  64  67  77  66  61  76  56  46  43  28  28  24  24  17   0  39  26  33  51  53  29  51
  25  30  37  45  40  44  56  45  46  63  50  42  28  31  46  55  58  49  39   0  22  35  25  27  19  37
  15  22  26  52  48  53  65  54  54  71  55  45  35  28  41  45  46  38  26  22   0  20  32  36  20  31
  20  23  21  61  59  65  77  67  68  85  70  60  49  41  53  53  51  45  33  35  20   0  40  47  33  30
  29  30  36  28  25  33  46  37  45  61  54  48  31  43  58  68  70  61  51  25  32  40   0  19  33  33
  36  39  45  32  24  28  41  31  37  54  47  42  25  42  56  67  71  61  53  27  36  47  19   0  31  42
  27  34  39  52  44  47  57  46  43  60  43  33  25  18  33  43  46  36  29  19  20  33  33  31   0  42
  24  19  20  49  50  59  71  62  68  85  74  66  51  52  66  70  70  63  51  37  31  30  33  42  42   0

   0  15  25  41  44  46  59  50  56  67  58  44  36  35  45  57  50  46  42  31  23  17  25  32  27  22
  15   0  22  41  47  49  63  54  61  73  65  51  42  43  53  65  57  54  49  37  31  21  27  36  35  18
  25  22   0  50  57  60  73  65  72  83  75  61  53  52  60  70  61  59  54  48  39  23  37  46  44  23
  41  41  50   0  15  22  31  28  43  52  55  49  37  56  66  85  81  75  73  46  55  53  19  23  47  42
  44  47  57  15   0  13  23  19  34  43  46  41  30  52  61  82  79  73  72  46  56  56  21  20  44  48
  46  49  60  22  13   0  18  11  26  35  39  35  26  50  57  78  77  70  71  46  57  58  25  20  43  53
  59  63  73  31  23  18   0  13  26  29  40  41  36  61  66  88  88  81  82  59  70  71  39  34  54  66
  50  54  65  28  19  11  13   0  20  27  33  32  26  51  56  78  78  71  72  49  60  62  31  25  44  58
  56  61  72  43  34  26  26  20   0  17  19  23  24  47  49  71  72  65  69  52  62  65  41  33  43  66
  67  73  83  52  43  35  29  27  17   0  22  31  36  58  57  79  81  74  79  64  74  77  52  45  55  78
  58  65  75  55  46  39  40  33  19  22   0  16  28  44  39  61  64  57  64  56  63  67  50  43  43  72
  44  51  61  49  41  35  41  32  23  31  16   0  17  29  27  49  50  43  49  43  48  52  39  33  28  59
  36  42  53  37  30  26  36  26  24  36  28  17   0  30  36  57  57  50  51  34  43  46  27  21  25  49
  35  43  52  56  52  50  61  51  47  58  44  29  30   0  26  44  42  35  36  37  36  38  39  38  18  50
  45  53  60  66  61  57  66  56  49  57  39  27  36  26   0  28  30  23  33  49  46  47  51  49  30  61
  57  65  70  85  82  78  88  78  71  79  61  49  57  44  28   0  19  19  36  65  57  54  68  67  47  72
  50  57  61  81  79  77  88  78  72  81  64  50  57  42  30  19   0  17  30  62  52  46  64  65  44  66
  46  54  59  75  73  70  81  71  65  74  57  43  50  35  23  19  17   0  27  57  48  44  59  59  38  63
  42  49  54  73  72  71  82  72  69  79  64  49  51  36  33  36  30  27   0  52  41  37  54  56  36  56
  31  37  48  46  46  46  59  49  52  64  56  43  34  37  49  65  62  57  52   0  36  38  27  29  25  41
  23  31  39  55  56  57  70  60  62  74  63  48  43  36  46  57  52  48  41  36   0  24  35  39  27  36
  17  21  23  53  56  58  71  62  65  77  67  52  46  38  47  54  46  44  37  38  24   0  36  43  33  28
  25  27  37  19  21  25  39  31  41  52  50  39  27  39  51  68  64  59  54  27  35  36   0  14  32  30
  32  36  46  23  20  20  34  25  33  45  43  33  21  38  49  67  65  59  56  29  39  43  14   0  30  39
  27  35  44  47  44  43  54  44  43  55  43  28  25  18  30  47  44  38  36  25  27  33  32  30   0  42
  22  18  23  42  48  53  66  58  66  78  72  59  49  50  61  72  66  63  56  41  36  28  30  39  42   0

   0   8  15  46  50  47  64  53  59  67  60  52  38  25  41  50  47  41  30  18  10  14  35  34  22  15
   8   0  11  45  52  49  67  56  63  72  66  58  43  32  48  57  53  48  36  23  17  17  36  37  29  10
  15  11   0  52  60  58  75  65  72  80  74  66  52  39  53  60  55  51  39  32  23  17  44  45  36  13
  46  45  52   0  28  30  43  38  53  59  64  64  46  53  69  85  85  77  68  40  49  57  36  32  49  42
  50  52  60  28   0  22  36  30  45  51  56  57  40  50  65  83  84  76  68  41  51  61  39  30  47  49
  47  49  58  30  22   0  27  18  33  39  45  47  32  44  57  75  78  69  63  37  48  59  39  26  42  50
  64  67  75  43  36  27   0  22  35  35  48  55  44  57  68  87  91  82  76  52  63  74  55  42  55  65
  53  56  65  38  30  18  22   0  28  32  40  45  33  46  57  76  80  71  65  41  52  64  46  32  44  56
  59  63  72  53  45  33  35  28   0  23  27  37  32  43  51  70  75  66  63  45  55  68  57  41  44  65
  67  72  80  59  51  39  35  32  23   0  27  42  41  51  56  75  81  72  70  54  64  77  65  50  53  74
  60  66  74  64  56  45  48  40  27  27   0  29  35  39  40  59  66  57  57  48  55  69  65  50  43  70
  52  58  66  64  57  47  55  45  37  42  29   0  28  28  32  51  56  47  46  39  44  58  58  44  32  61
  38  43  52  46  40  32  44  33  32  41  35  28   0  24  36  54  58  49  43  25  34  47  41  27  24  46
  25  32  39  53  50  44  57  46  43  51  39  28  24   0  18  33  35  26  20  20  19  31  45  36   9  39
  41  48  53  69  65  57  68  57  51  56  40  32  36  18   0  22  28  19  22  37  34  45  62  52  26  55
  50  57  60  85  83  75  87  76  70  75  59  51  54  33  22   0  15  13  23  51  43  50  77  68  41  64
  47  53  55  85  84  78  91  80  75  81  66  56  58  35  28  15   0  13  19  50  40  44  75  68  40  60
  41  48  51  77  76  69  82  71  66  72  57  47  49  26  19  13  13   0  15  44  35  41  69  61  33  56
  30  36  39  68  68  63  76  65  63  70  57  46  43  20  22  23  19  15   0  34  23  29  59  53  26  44
  18  23  32  40  41  37  52  41  45  54  48  39  25  20  37  51  50  44  34   0  17  29  31  25  14  28
  10  17  23  49  51  48  63  52  55  64  55  44  34  19  34  43  40  35  23  17   0  16  40  36  17  24
  14  17  17  57  61  59  74  64  68  77  69  58  47  31  45  50  44  41  29  29  16   0  47  46  29  22
  35  36  44  36  39  39  55  46  57  65  65  58  41  45  62  77  75  69  59  31  40  47   0  26  37  33
  34  37  45  32  30  26  42  32  41  50  50  44  27  36  52  68  68  61  53  25  36  46  26   0  30  37
  22  29  36  49  47  42  55  44  44  53  43  32  24   9  26  41  40  33  26  14  17  29  37  30   0  35
  15  10  13  42  49  50  65  56  65  74  70  61  46  39  55  64  60  56  44  28  24  22  33  37  35   0

   0  22  30  20  32  26  28  34  22  20  18  26  30  28  24  38  22  32  28  24  26  30  24  30  22  26
  34   0  48  38  50  44  46  52  40  38  36  44  48  46  42  56  40  50  46  42  44  48  42  48  40  44
  58  64   0  62  74  68  70  76  64  62  60  68  72  70  66  80  64  74  70  66  68  72  66  72  64  68
  28  34  42   0  44  38  40  46  34  32  30  38  42  40  36  50  34  44  40  36  38  42  36  42  34  38
  64  70  78  68   0  74  76  82  70  68  66  74  78  76  72  86  70  80  76  72  74  78  72  78  70  74
  46  52  60  50  62   0  58  64  52  50  48  56  60  58  54  68  52  62  58  54  56  60  54  60  52  56
  52  58  66  56  68  62   0  70  58  56  54  62  66  64  60  74  58  68  64  60  62  66  60  66  58  62
  70  76  84  74  86  80  82   0  76  74  72  80  84  82  78  92  76  86  82  78  80  84  78  84  76  80
  34  40  48  38  50  44  46  52   0  38  36  44  48  46  42  56  40  50  46  42  44  48  42  48  40  44
  28  34  42  32  44  38  40  46  34   0  30  38  42  40  36  50  34  44  40  36  38  42  36  42  34  38
  22  28  36  26  38  32  34  40  28  26   0  32  36  34  30  44  28  38  34  30  32  36  30  36  28  32
  46  52  60  50  62  56  58  64  52  50  48   0  60  58  54  68  52  62  58  54  56  60  54  60  52  56
  58  64  72  62  74  68  70  76  64  62  60  68   0  70  66  80  64  74  70  66  68  72  66  72  64  68
  52  58  66  56  68  62  64  70  58  56  54  62  66   0  60  74  58  68  64  60  62  66  60  66  58  62
  40  46  54  44  56  50  52  58  46  44  42  50  54  52   0  62  46  56  52  48  50  54  48  54  46  50
  82  88  96  86  98  92  94 100  88  86  84  92  96  94  90   0  88  98  94  90  92  96  90  96  88  92
  34  40  48  38  50  44  46  52  40  38  36  44  48  46  42  56   0  50  46  42  44  48  42  48  40  44
  64  70  78  68  80  74  76  82  70  68  66  74  78  76  72  86  70   0  76  72  74  78  72  78  70  74
  52  58  66  56  68  62  64  70  58  56  54  62  66  64  60  74  58  68   0  60  62  66  60  66  58  62
  40  46  54  44  56  50  52  58  46  44  42  50  54  52  48  62  46  56  52   0  50  54  48  54  46  50
  46  52  60  50  62  56  58  64  52  50  48  56  60  58  54  68  52  62  58  54   0  60  54  60  52  56
  58  64  72  62  74  68  70  76  64  62  60  68  72  70  66  80  64  74  70  66  68   0  66  72  64  68
  40  46  54  44  56  50  52  58  46  44  42  50  54  52  48  62  46  56  52  48  50  54   0  54  46  50
  58  64  72  62  74  68  70  76  64  62  60  68  72  70  66  80  64  74  70  66  68  72  66   0  64  68
  34  40  48  38  50  44  46  52  40  38  36  44  48  46  42  56  40  50  46  42  44  48  42  48   0  44
  46  52  60  50  62  56  58  64  52  50  48  56  60  58  54  68  52  62  58  54  56  60  54  60  52   0

   0  22  32  20  28  36  22  22  30  24  34  38  40  28  22  24  34  30  36  26  28  34  36  32  36  30
  18   0  26  14  22  30  16  16  24  18  28  32  34  22  16  18  28  24  30  20  22  28  30  26  30  24
  48  46   0  44  52  60  46  46  54  48  58  62  64  52  46  48  58  54  60  50  52  58  60  56  60  54
  12  10  20   0  16  24  10  10  18  12  22  26  28  16  10  12  22  18  24  14  16  22  24  20  24  18
  36  34  44  32   0  48  34  34  42  36  46  50  52  40  34  36  46  42  48  38  40  46  48  44  48  42
  60  58  68  56  64   0  58  58  66  60  70  74  76  64  58  60  70  66  72  62  64  70  72  68  72  66
  18  16  26  14  22  30   0  16  24  18  28  32  34  22  16  18  28  24  30  20  22  28  30  26  30  24
  18  16  26  14  22  30  16   0  24  18  28  32  34  22  16  18  28  24  30  20  22  28  30  26  30  24
  42  40  50  38  46  54  40  40   0  42  52  56  58  46  40  42  52  48  54  44  46  52  54  50  54  48
  24  22  32  20  28  36  22  22  30   0  34  38  40  28  22  24  34  30  36  26  28  34  36  32  36  30
  54  52  62  50  58  66  52  52  60  54   0  68  70  58  52  54  64  60  66  56  58  64  66  62  66  60
  66  64  74  62  70  78  64  64  72  66  76   0  82  70  64  66  76  72  78  68  70  76  78  74  78  72
  72  70  80  68  76  84  70  70  78  72  82  86   0  76  70  72  82  78  84  74  76  82  84  80  84  78
  36  34  44  32  40  48  34  34  42  36  46  50  52   0  34  36  46  42  48  38  40  46  48  44  48  42
  18  16  26  14  22  30  16  16  24  18  28  32  34  22   0  18  28  24  30  20  22  28  30  26  30  24
  24  22  32  20  28  36  22  22  30  24  34  38  40  28  22   0  34  30  36  26  28  34  36  32  36  30
  54  52  62  50  58  66  52  52  60  54  64  68  70  58  52  54   0  60  66  56  58  64  66  62  66  60
  42  40  50  38  46  54  40  40  48  42  52  56  58  46  40  42  52   0  54  44  46  52  54  50  54  48
  60  58  68  56  64  72  58  58  66  60  70  74  76  64  58  60  70  66   0  62  64  70  72  68  72  66
  30  28  38  26  34  42  28  28  36  30  40  44  46  34  28  30  40  36  42   0  34  40  42  38  42  36
  36  34  44  32  40  48  34  34  42  36  46  50  52  40  34  36  46  42  48  38   0  46  48  44  48  42
  54  52  62  50  58  66  52  52  60  54  64  68  70  58  52  54  64  60  66  56  58   0  66  62  66  60
  60  58  68  56  64  72  58  58  66  60  70  74  76  64  58  60  70  66  72  62  64  70   0  68  72  66
  48  46  56  44  52  60  46  46  54  48  58  62  64  52  46  48  58  54  60  50  52  58  60   0  60  54
  60  58  68  56  64  72  58  58  66  60  70  74  76  64  58  60  70  66  72  62  64  70  72  68   0  66
  42  40  50  38  46  54  40  40  48  42  52  56  58  46  40  42  52  48  54  44  46  52  54  50  54   0

   0  18  20  12  10  16  18  24  26  28  24  16  34  20  12  14  10  24  16  18  28  18  34  36  16  26
  38   0  50  42  40  46  48  54  56  58  54  46  64  50  42  44  40  54  46  48  58  48  64  66  46  56
  44  54   0  48  46  52  54  60  62  64  60  52  70  56  48  50  46  60  52  54  64  54  70  72  52  62
  20  30  32   0  22  28  30  36  38  40  36  28  46  32  24  26  22  36  28  30  40  30  46  48  28  38
  14  24  26  18   0  22  24  30  32  34  30  22  40  26  18  20  16  30  22  24  34  24  40  42  22  32
  32  42  44  36  34   0  42  48  50  52  48  40  58  44  36  38  34  48  40  42  52  42  58  60  40  50
  38  48  50  42  40  46   0  54  56  58  54  46  64  50  42  44  40  54  46  48  58  48  64  66  46  56
  56  66  68  60  58  64  66   0  74  76  72  64  82  68  60  62  58  72  64  66  76  66  82  84  64  74
  62  72  74  66  64  70  72  78   0  82  78  70  88  74  66  68  64  78  70  72  82  72  88  90  70  80
  68  78  80  72  70  76  78  84  86   0  84  76  94  80  72  74  70  84  76  78  88  78  94  96  76  86
  56  66  68  60  58  64  66  72  74  76   0  64  82  68  60  62  58  72  64  66  76  66  82  84  64  74
  32  42  44  36  34  40  42  48  50  52  48   0  58  44  36  38  34  48  40  42  52  42  58  60  40  50
  86  96  98  90  88  94  96 102 104 106 102  94   0  98  90  92  88 102  94  96 106  96 112 114  94 104
  44  54  56  48  46  52  54  60  62  64  60  52  70   0  48  50  46  60  52  54  64  54  70  72  52  62
  20  30  32  24  22  28  30  36  38  40  36  28  46  32   0  26  22  36  28  30  40  30  46  48  28  38
  26  36  38  30  28  34  36  42  44  46  42  34  52  38  30   0  28  42  34  36  46  36  52  54  34  44
  14  24  26  18  16  22  24  30  32  34  30  22  40  26  18  20   0  30  22  24  34  24  40  42  22  32
  56  66  68  60  58  64  66  72  74  76  72  64  82  68  60  62  58   0  64  66  76  66  82  84  64  74
  32  42  44  36  34  40  42  48  50  52  48  40  58  44  36  38  34  48   0  42  52  42  58  60  40  50
  38  48  50  42  40  46  48  54  56  58  54  46  64  50  42  44  40  54  46   0  58  48  64  66  46  56
  68  78  80  72  70  76  78  84  86  88  84  76  94  80  72  74  70  84  76  78   0  78  94  96  76  86
  38  48  50  42  40  46  48  54  56  58  54  46  64  50  42  44  40  54  46  48  58   0  64  66  46  56
  86  96  98  90  88  94  96 102 104 106 102  94 112  98  90  92  88 102  94  96 106  96   0 114  94 104
  92 102 104  96  94 100 102 108 110 112 108 100 118 104  96  98  94 108 100 102 112 102 118   0 100 110
  32  42  44  36  34  40  42  48  50  52  48  40  58  44  36  38  34  48  40  42  52  42  58  60   0  50
  62  72  74  66  64  70  72  78  80  82  78  70  88  74  66  68  64  78  70  72  82  72  88  90  70   0