16 2

   0  24  35  19  24  32  39  54  67  49  54  72  61  60  38  31
  24   0  19  18  45  50  51  67  80  49  60  77  58  48  27  32
  35  19   0  24  55  56  52  66  79  39  54  69  45  30  11  27
  19  18  24   0  36  39  39  55  68  40  49  66  51  47  25  22
  24  45  55  36   0  26  35  46  57  58  54  73  70  76  55  42
  32  50  56  39  26   0  28  40  53  50  46  65  63  70  51  35
  39  51  52  39  35  28   0  28  41  38  31  50  50  62  46  28
  54  67  66  55  46  40  28   0  29  45  28  46  55  71  57  39
  67  80  79  68  57  53  41  29   0  55  33  47  63  81  69  51
  49  49  39  40  58  50  38  45  55   0  26  40  23  37  27  19
  54  60  54  49  54  46  31  28  33  26   0  24  35  53  45  31
  72  77  69  66  73  65  50  46  47  40  24   0  41  59  56  44
  61  58  45  51  70  63  50  55  63  23  35  41   0  34  32  31
  60  48  30  47  76  70  62  71  81  37  53  59  34   0  23  38
  38  27  11  25  55  51  46  57  69  27  45  56  32  23   0  21
  31  32  27  22  42  35  28  39  51  19  31  44  31  38  21   0

   0  34  44  23  27  24  35  49  57  54  55  66  55  68  46  37
  34   0  33  27  53  47  52  67  75  59  66  76  57  61  40  43
  44  33   0  33  63  53  53  66  74  49  60  68  44  43  24  38
  23  27  33   0  40  32  36  51  59  46  51  61  46  56  34  29
  27  53  63  40   0  19  32  42  48  64  56  68  65  85  64  49
  24  47  53  32  19   0  17  28  36  48  40  52  50  71  52  34
  35  52  53  36  32  17   0  19  27  39  28  40  40  66  50  30
  49  67  66  51  42  28  19   0  14  45  24  35  44  74  60  40
  57  75  74  59  48  36  27  14   0  51  25  32  48  80  68  48
  54  59  49  46  64  48  39  45  51   0  29  36  19  47  37  27
  55  66  60  51  56  40  28  24  25  29   0  17  28  60  52  36
  66  76  68  61  68  52  40  35  32  36  17   0  29  61  58  44
  55  57  44  46  65  50  40  44  48  19  28  29   0  36  34  31
  68  61  43  56  85  71  66  74  80  47  60  61  36   0  34  47
  46  40  24  34  64  52  50  60  68  37  52  58  34  34   0  31
  37  43  38  29  49  34  30  40  48  27  36  44  31  47  31   0

   0  26  20  32  30  24  18  16  14  20  30  22  18  30  32  20
  46   0  50  62  60  54  48  46  44  50  60  52  48  60  62  50
  28  38   0  44  42  36  30  28  26  32  42  34  30  42  44  32
  64  74  68   0  78  72  66  64  62  68  78  70  66  78  80  68
  58  68  62  74   0  66  60  58  56  62  72  64  60  72  74  62
  40  50  44  56  54   0  42  40  38  44  54  46  42  54  56  44
  22  32  26  38  36  30   0  22  20  26  36  28  24  36  38  26
  16  26  20  32  30  24  18   0  14  20  30  22  18  30  32  20
  10  20  14  26  24  18  12  10   0  14  24  16  12  24  26  14
  28  38  32  44  42  36  30  28  26   0  42  34  30  42  44  32
  58  68  62  74  72  66  60  58  56  62   0  64  60  72  74  62
  34  44  38  50  48  42  36  34  32  38  48   0  36  48  50  38
  22  32  26  38  36  30  24  22  20  26  36  28   0  36  38  26
  58  68  62  74  72  66  60  58  56  62  72  64  60   0  74  62
  64  74  68  80  78  72  66  64  62  68  78  70  66  78   0  68
  28  38  32  44  42  36  30  28  26  32  42  34  30  42  44   0

   0  28  42  36  26  32  34  42  28  32  40  42  28  38  30  34
  20   0  30  24  14  20  22  30  16  20  28  30  16  26  18  22
  62  58   0  66  56  62  64  72  58  62  70  72  58  68  60  64
  44  40  54   0  38  44  46  54  40  44  52  54  40  50  42  46
  14  10  24  18   0  14  16  24  10  14  22  24  10  20  12  16
  32  28  42  36  26   0  34  42  28  32  40  42  28  38  30  34
  38  34  48  42  32  38   0  48  34  38  46  48  34  44  36  40
  62  58  72  66  56  62  64   0  58  62  70  72  58  68  60  64
  20  16  30  24  14  20  22  30   0  20  28  30  16  26  18  22
  32  28  42  36  26  32  34  42  28   0  40  42  28  38  30  34
  56  52  66  60  50  56  58  66  52  56   0  66  52  62  54  58
  62  58  72  66  56  62  64  72  58  62  70   0  58  68  60  64
  20  16  30  24  14  20  22  30  16  20  28  30   0  26  18  22
  50  46  60  54  44  50  52  60  46  50  58  60  46   0  48  52
  26  22  36  30  20  26  28  36  22  26  34  36  22  32   0  28
  38  34  48  42  32  38  40  48  34  38  46  48  34  44  36   0