14 2

   0  18  23  28  22  48  54  66  41  31  27  23  27  33
  18   0  23  30  27  52  58  71  47  38  38  35  39  45
  23  23   0  17  21  38  43  61  39  33  42  43  47  50
  28  30  17   0  13  28  33  50  28  23  40  47  52  47
  22  27  21  13   0  29  35  47  23  15  30  39  44  36
  48  52  38  28  29   0  11  29  18  25  53  66  71  57
  54  58  43  33  35  11   0  26  23  31  59  72  77  63
  66  71  61  50  47  29  26   0  26  35  64  80  84  64
  41  47  39  28  23  18  23  26   0  12  42  57  61  44
  31  38  33  23  15  25  31  35  12   0  30  45  49  33
  27  38  42  40  30  53  59  64  42  30   0  32  35  22
  23  35  43  47  39  66  72  80  57  45  32   0  20  34
  27  39  47  52  44  71  77  84  61  49  35  20   0  36
  33  45  50  47  36  57  63  64  44  33  22  34  36   0

   0  10  32  33  31  52  60  72  51  35  22  15  24  31
  10   0  25  28  29  49  57  70  50  35  26  20  29  36
  32  25   0  27  35  47  54  72  54  42  42  40  49  53
  33  28  27   0  24  34  41  58  40  29  37  41  51  47
  31  29  35  24   0  37  45  57  37  23  29  35  45  38
  52  49  47  34  37   0  18  36  29  30  49  59  69  56
  60  57  54  41  45  18   0  34  35  37  56  66  76  63
  72  70  72  58  57  36  34   0  39  42  62  75  84  65
  51  50  54  40  37  29  35  39   0  21  42  54  63  47
  35  35  42  29  23  30  37  42  21   0  26  38  47  32
  22  26  42  37  29  49  56  62  42  26   0  19  27  15
  15  20  40  41  35  59  66  75  54  38  19   0  10  25
  24  29  49  51  45  69  76  84  63  47  27  10   0  30
  31  36  53  47  38  56  63  65  47  32  15  25  30   0

   0  24  26  26  28  28  26  24  22  22  26  24  22  22
  24   0  26  26  28  28  26  24  22  22  26  24  22  22
  30  30   0  32  34  34  32  30  28  28  32  30  28  28
  30  30  32   0  34  34  32  30  28  28  32  30  28  28
  36  36  38  38   0  40  38  36  34  34  38  36  34  34
  36  36  38  38  40   0  38  36  34  34  38  36  34  34
  30  30  32  32  34  34   0  30  28  28  32  30  28  28
  24  24  26  26  28  28  26   0  22  22  26  24  22  22
  18  18  20  20  22  22  20  18   0  16  20  18  16  16
  18  18  20  20  22  22  20  18  16   0  20  18  16  16
  30  30  32  32  34  34  32  30  28  28   0  30  28  28
  24  24  26  26  28  28  26  24  22  22  26   0  22  22
  18  18  20  20  22  22  20  18  16  16  20  18   0  16
  18  18  20  20  22  22  20  18  16  16  20  18  16   0

   0  14  10  12  12  10  12  14  10   8  16  14  16  14
  26   0  28  30  30  28  30  32  28  26  34  32  34  32
  14  20   0  18  18  16  18  20  16  14  22  20  22  20
  20  26  22   0  24  22  24  26  22  20  28  26  28  26
  20  26  22  24   0  22  24  26  22  20  28  26  28  26
  14  20  16  18  18   0  18  20  16  14  22  20  22  20
  20  26  22  24  24  22   0  26  22  20  28  26  28  26
  26  32  28  30  30  28  30   0  28  26  34  32  34  32
  14  20  16  18  18  16  18  20   0  14  22  20  22  20
   8  14  10  12  12  10  12  14  10   0  16  14  16  14
  32  38  34  36  36  34  36  38  34  32   0  38  40  38
  26  32  28  30  30  28  30  32  28  26  34   0  34  32
  32  38  34  36  36  34  36  38  34  32  40  38   0  38
  26  32  28  30  30  28  30  32  28  26  34  32  34   0