25 3

   0  23  17  25  32  44  37  52  47  67  56  73  53  71  73  56  60  53  61  64  40  40  42  40  19
  23   0  22  38  40  47  46  57  56  76  67  86  67  85  88  70  74  68  75  77  53  54  57  53  31
  17  22   0  27  28  38  34  47  44  64  55  74  55  75  78  60  65  58  68  72  48  43  48  41  28
  25  38  27   0  29  43  29  47  37  58  46  63  43  62  66  48  54  46  59  63  40  31  37  30  29
  32  40  28  29   0  30  22  36  32  52  44  66  48  70  76  57  65  55  71  76  53  39  49  34  40
  44  47  38  43  30   0  29  29  36  50  49  73  58  80  87  69  78  68  84  90  67  50  62  46  52
  37  46  34  29  22  29   0  29  20  40  31  54  38  60  67  50  59  49  67  73  51  31  45  27  44
  52  57  47  47  36  29  29   0  27  34  38  63  52  74  83  66  76  66  86  92  71  48  64  46  62
  47  56  44  37  32  36  20  27   0  28  21  45  33  55  64  47  58  47  68  75  56  30  48  31  53
  67  76  64  58  52  50  40  34  28   0  26  49  43  61  72  58  71  61  83  91  73  45  65  50  72
  56  67  55  46  44  49  31  38  21  26   0  35  26  47  56  42  54  44  67  74  57  28  49  38  61
  73  86  74  63  66  73  54  63  45  49  35   0  24  33  44  34  49  41  63  71  60  33  53  52  72
  53  67  55  43  48  58  38  52  33  43  26  24   0  28  37  21  35  25  48  56  42  15  35  36  54
  71  85  75  62  70  80  60  74  55  61  47  33  28   0  13  17  32  31  44  52  49  34  46  58  70
  73  88  78  66  76  87  67  83  64  72  56  44  37  13   0  19  30  33  38  45  47  40  48  64  71
  56  70  60  48  57  69  50  66  47  58  42  34  21  17  19   0  17  15  30  39  33  22  30  46  54
  60  74  65  54  65  78  59  76  58  71  54  49  35  32  30  17   0  21  29  37  32  29  32  53  55
  53  68  58  46  55  68  49  66  47  61  44  41  25  31  33  15  21   0  33  41  31  19  26  43  50
  61  75  68  59  71  84  67  86  68  83  67  63  48  44  38  30  29  33   0  24  27  39  36  60  53
  64  77  72  63  76  90  73  92  75  91  74  71  56  52  45  39  37  41  24   0  30  46  42  66  56
  40  53  48  40  53  67  51  71  56  73  57  60  42  49  47  33  32  31  27  30   0  31  24  47  34
  40  54  43  31  39  50  31  48  30  45  28  33  15  34  40  22  29  19  39  46  31   0  23  27  42
  42  57  48  37  49  62  45  64  48  65  49  53  35  46  48  30  32  26  36  42  24  23   0  39  38
  40  53  41  30  34  46  27  46  31  50  38  52  36  58  64  46  53  43  60  66  47  27  39   0  43
  19  31  28  29  40  52  44  62  53  72  61  72  54  70  71  54  55  50  53  56  34  42  38  43   0

   0  17  14  16  24  35  34  47  45  62  52  60  54  71  78  64  57  58  56  57  42  46  44  29  22
  17   0  17  27  30  36  41  50  52  69  61  71  66  83  91  76  69  71  68  68  53  58  57  40  32
  14  17   0  17  19  28  30  41  41  58  50  60  55  74  82  67  61  62  62  64  49  48  49  29  30
  16  27  17   0  16  29  21  37  30  48  37  45  39  57  66  51  46  46  49  51  37  32  34  14  27
  24  30  19  16   0  18  16  28  27  44  37  50  46  67  78  62  59  57  63  66  52  42  48  20  40
  35  36  28  29  18   0  22  20  30  41  41  56  55  76  88  73  71  69  75  79  65  52  60  31  51
  34  41  30  21  16  22   0  23  17  34  26  40  38  59  71  57  55  53  61  65  52  36  46  15  46
  47  50  41  37  28  20  23   0  23  27  32  48  51  72  86  72  71  69  79  83  71  52  64  33  63
  45  52  41  30  27  30  17  23   0  23  17  32  34  55  69  55  55  52  63  68  58  36  50  20  56
  62  69  58  48  44  41  34  27  23   0  20  34  42  59  75  64  66  64  76  82  73  49  65  37  73
  52  61  50  37  37  41  26  32  17  20   0  21  26  46  60  49  50  48  61  66  58  33  50  26  63
  60  71  60  45  50  56  40  48  32  34  21   0  18  26  42  35  39  39  51  57  55  32  48  34  68
  54  66  55  39  46  55  38  51  34  42  26  18   0  31  45  32  35  33  46  52  47  24  40  28  60
  71  83  74  57  67  76  59  72  55  59  46  26  31   0  20  27  31  38  41  47  53  42  50  49  75
  78  91  82  66  78  88  71  86  69  75  60  42  45  20   0  32  32  43  38  43  54  51  55  58  79
  64  76  67  51  62  73  57  72  55  64  49  35  32  27  32   0  21  27  32  39  42  35  39  42  64
  57  69  61  46  59  71  55  71  55  66  50  39  35  31  32  21   0  25  23  29  33  34  33  41  57
  58  71  62  46  57  69  53  69  52  64  48  39  33  38  43  27  25   0  33  39  38  30  33  37  58
  56  68  62  49  63  75  61  79  63  76  61  51  46  41  38  32  23  33   0  16  28  44  37  48  55
  57  68  64  51  66  79  65  83  68  82  66  57  52  47  43  39  29  39  16   0  29  49  41  52  56
  42  53  49  37  52  65  52  71  58  73  58  55  47  53  54  42  33  38  28  29   0  40  29  39  40
  46  58  48  32  42  52  36  52  36  49  33  32  24  42  51  35  34  30  44  49  40   0  31  22  51
  44  57  49  34  48  60  46  64  50  65  50  48  40  50  55  39  33  33  37  41  29  31   0  31  44
  29  40  29  14  20  31  15  33  20  37  26  34  28  49  58  42  41  37  48  52  39  22  31   0  40
  22  32  30  27  40  51  46  63  56  73  63  68  60  75  79  64  57  58  55  56  40  51  44  40   0

   0  24  17  25  27  44  38  52  54  67  59  66  55  80  75  63  53  47  54  53  37  42  35  27  13
  24   0  25  41  38  50  50  60  66  79  73  82  72  97  93  80  70  65  71  69  53  59  53  43  28
  17  25   0  28  24  39  36  48  52  65  59  68  58  85  81  68  59  53  62  62  46  46  42  29  23
  25  41  28   0  25  44  31  48  45  59  50  57  46  72  69  56  48  41  53  53  38  34  31  18  24
  27  38  24  25   0  29  22  35  38  51  46  58  49  78  77  63  57  48  63  64  49  40  41  20  33
  44  50  39  44  29   0  32  31  45  52  54  68  62  91  91  78  73  64  79  81  66  54  57  35  48
  38  50  36  31  22  32   0  31  29  42  36  49  42  71  71  59  54  45  62  64  50  35  40  16  40
  52  60  48  48  35  31  31   0  35  35  42  57  55  84  86  74  70  61  80  82  69  51  58  34  57
  54  66  52  45  38  45  29  35   0  34  30  44  41  70  72  60  57  47  67  70  59  38  47  24  53
  67  79  65  59  51  52  42  35  34   0  31  44  47  72  76  67  66  57  78  82  72  49  60  39  68
  59  73  59  50  46  54  36  42  30  31   0  31  31  59  61  52  50  41  63  66  57  33  45  28  58
  66  82  68  57  58  68  49  57  44  44  31   0  23  39  43  38  39  32  53  57  54  32  43  36  63
  55  72  58  46  49  62  42  55  41  47  31  23   0  40  42  31  31  22  44  48  42  20  31  26  51
  80  97  85  72  78  91  71  84  70  72  59  39  40   0  23  32  33  33  45  49  54  44  47  53  72
  75  93  81  69  77  91  71  86  72  76  61  43  42  23   0  29  26  30  34  37  47  45  44  54  68
  63  80  68  56  63  78  59  74  60  67  52  38  31  32  29   0  17  16  30  35  37  31  30  40  55
  53  70  59  48  57  73  54  70  57  66  50  39  31  33  26  17   0  12  19  23  26  28  22  37  46
  47  65  53  41  48  64  45  61  47  57  41  32  22  33  30  16  12   0  24  28  26  19  17  28  42
  54  71  62  53  63  79  62  80  67  78  63  53  44  45  34  30  19  24   0  10  21  38  26  44  44
  53  69  62  53  64  81  64  82  70  82  66  57  48  49  37  35  23  28  10   0  21  42  29  47  44
  37  53  46  38  49  66  50  69  59  72  57  54  42  54  47  37  26  26  21  21   0  33  17  34  28
  42  59  46  34  40  54  35  51  38  49  33  32  20  44  45  31  28  19  38  42  33   0  19  17  39
  35  53  42  31  41  57  40  58  47  60  45  43  31  47  44  30  22  17  26  29  17  19   0  23  29
  27  43  29  18  20  35  16  34  24  39  28  36  26  53  54  40  37  28  44  47  34  17  23   0  30
  13  28  23  24  33  48  40  57  53  68  58  63  51  72  68  55  46  42  44  44  28  39  29  30   0

   0  46  56  60  50  46  70  58  60  64  54  52  52  46  50  52  64  68  66  56  52  48  56  72  60
  26   0  26  30  20  16  40  28  30  34  24  22  22  16  20  22  34  38  36  26  22  18  26  42  30
  56  46   0  60  50  46  70  58  60  64  54  52  52  46  50  52  64  68  66  56  52  48  56  72  60
  68  58  68   0  62  58  82  70  72  76  66  64  64  58  62  64  76  80  78  68  64  60  68  84  72
  38  28  38  42   0  28  52  40  42  46  36  34  34  28  32  34  46  50  48  38  34  30  38  54  42
  26  16  26  30  20   0  40  28  30  34  24  22  22  16  20  22  34  38  36  26  22  18  26  42  30
  98  88  98 102  92  88   0 100 102 106  96  94  94  88  92  94 106 110 108  98  94  90  98 114 102
  62  52  62  66  56  52  76   0  66  70  60  58  58  52  56  58  70  74  72  62  58  54  62  78  66
  68  58  68  72  62  58  82  70   0  76  66  64  64  58  62  64  76  80  78  68  64  60  68  84  72
  80  70  80  84  74  70  94  82  84   0  78  76  76  70  74  76  88  92  90  80  76  72  80  96  84
  50  40  50  54  44  40  64  52  54  58   0  46  46  40  44  46  58  62  60  50  46  42  50  66  54
  44  34  44  48  38  34  58  46  48  52  42   0  40  34  38  40  52  56  54  44  40  36  44  60  48
  44  34  44  48  38  34  58  46  48  52  42  40   0  34  38  40  52  56  54  44  40  36  44  60  48
  26  16  26  30  20  16  40  28  30  34  24  22  22   0  20  22  34  38  36  26  22  18  26  42  30
  38  28  38  42  32  28  52  40  42  46  36  34  34  28   0  34  46  50  48  38  34  30  38  54  42
  44  34  44  48  38  34  58  46  48  52  42  40  40  34  38   0  52  56  54  44  40  36  44  60  48
  80  70  80  84  74  70  94  82  84  88  78  76  76  70  74  76   0  92  90  80  76  72  80  96  84
  92  82  92  96  86  82 106  94  96 100  90  88  88  82  86  88 100   0 102  92  88  84  92 108  96
  86  76  86  90  80  76 100  88  90  94  84  82  82  76  80  82  94  98   0  86  82  78  86 102  90
  56  46  56  60  50  46  70  58  60  64  54  52  52  46  50  52  64  68  66   0  52  48  56  72  60
  44  34  44  48  38  34  58  46  48  52  42  40  40  34  38  40  52  56  54  44   0  36  44  60  48
  32  22  32  36  26  22  46  34  36  40  30  28  28  22  26  28  40  44  42  32  28   0  32  48  36
  56  46  56  60  50  46  70  58  60  64  54  52  52  46  50  52  64  68  66  56  52  48   0  72  60
 104  94 104 108  98  94 118 106 108 112 102 100 100  94  98 100 112 116 114 104 100  96 104   0 108
  68  58  68  72  62  58  82  70  72  76  66  64  64  58  62  64  76  80  78  68  64  60  68  84   0

   0  22  24  34  30  16  30  14  26  20  22  26  30  18  34  36  20  28  22  24  22  38  30  24  14
  34   0  42  52  48  34  48  32  44  38  40  44  48  36  52  54  38  46  40  42  40  56  48  42  32
  40  46   0  58  54  40  54  38  50  44  46  50  54  42  58  60  44  52  46  48  46  62  54  48  38
  70  76  78   0  84  70  84  68  80  74  76  80  84  72  88  90  74  82  76  78  76  92  84  78  68
  58  64  66  76   0  58  72  56  68  62  64  68  72  60  76  78  62  70  64  66  64  80  72  66  56
  16  22  24  34  30   0  30  14  26  20  22  26  30  18  34  36  20  28  22  24  22  38  30  24  14
  58  64  66  76  72  58   0  56  68  62  64  68  72  60  76  78  62  70  64  66  64  80  72  66  56
  10  16  18  28  24  10  24   0  20  14  16  20  24  12  28  30  14  22  16  18  16  32  24  18   8
  46  52  54  64  60  46  60  44   0  50  52  56  60  48  64  66  50  58  52  54  52  68  60  54  44
  28  34  36  46  42  28  42  26  38   0  34  38  42  30  46  48  32  40  34  36  34  50  42  36  26
  34  40  42  52  48  34  48  32  44  38   0  44  48  36  52  54  38  46  40  42  40  56  48  42  32
  46  52  54  64  60  46  60  44  56  50  52   0  60  48  64  66  50  58  52  54  52  68  60  54  44
  58  64  66  76  72  58  72  56  68  62  64  68   0  60  76  78  62  70  64  66  64  80  72  66  56
  22  28  30  40  36  22  36  20  32  26  28  32  36   0  40  42  26  34  28  30  28  44  36  30  20
  70  76  78  88  84  70  84  68  80  74  76  80  84  72   0  90  74  82  76  78  76  92  84  78  68
  76  82  84  94  90  76  90  74  86  80  82  86  90  78  94   0  80  88  82  84  82  98  90  84  74
  28  34  36  46  42  28  42  26  38  32  34  38  42  30  46  48   0  40  34  36  34  50  42  36  26
  52  58  60  70  66  52  66  50  62  56  58  62  66  54  70  72  56   0  58  60  58  74  66  60  50
  34  40  42  52  48  34  48  32  44  38  40  44  48  36  52  54  38  46   0  42  40  56  48  42  32
  40  46  48  58  54  40  54  38  50  44  46  50  54  42  58  60  44  52  46   0  46  62  54  48  38
  34  40  42  52  48  34  48  32  44  38  40  44  48  36  52  54  38  46  40  42   0  56  48  42  32
  82  88  90 100  96  82  96  80  92  86  88  92  96  84 100 102  86  94  88  90  88   0  96  90  80
  58  64  66  76  72  58  72  56  68  62  64  68  72  60  76  78  62  70  64  66  64  80   0  66  56
  40  46  48  58  54  40  54  38  50  44  46  50  54  42  58  60  44  52  46  48  46  62  54   0  38
  10  16  18  28  24  10  24   8  20  14  16  20  24  12  28  30  14  22  16  18  16  32  24  18   0

   0  26  30  32  42  36  40  34  26  20  28  22  36  20  32  26  34  40  32  36  28  22  38  30  26
  30   0  36  38  48  42  46  40  32  26  34  28  42  26  38  32  40  46  38  42  34  28  44  36  32
  42  44   0  50  60  54  58  52  44  38  46  40  54  38  50  44  52  58  50  54  46  40  56  48  44
  48  50  54   0  66  60  64  58  50  44  52  46  60  44  56  50  58  64  56  60  52  46  62  54  50
  78  80  84  86   0  90  94  88  80  74  82  76  90  74  86  80  88  94  86  90  82  76  92  84  80
  60  62  66  68  78   0  76  70  62  56  64  58  72  56  68  62  70  76  68  72  64  58  74  66  62
  72  74  78  80  90  84   0  82  74  68  76  70  84  68  80  74  82  88  80  84  76  70  86  78  74
  54  56  60  62  72  66  70   0  56  50  58  52  66  50  62  56  64  70  62  66  58  52  68  60  56
  30  32  36  38  48  42  46  40   0  26  34  28  42  26  38  32  40  46  38  42  34  28  44  36  32
  12  14  18  20  30  24  28  22  14   0  16  10  24   8  20  14  22  28  20  24  16  10  26  18  14
  36  38  42  44  54  48  52  46  38  32   0  34  48  32  44  38  46  52  44  48  40  34  50  42  38
  18  20  24  26  36  30  34  28  20  14  22   0  30  14  26  20  28  34  26  30  22  16  32  24  20
  60  62  66  68  78  72  76  70  62  56  64  58   0  56  68  62  70  76  68  72  64  58  74  66  62
  12  14  18  20  30  24  28  22  14   8  16  10  24   0  20  14  22  28  20  24  16  10  26  18  14
  48  50  54  56  66  60  64  58  50  44  52  46  60  44   0  50  58  64  56  60  52  46  62  54  50
  30  32  36  38  48  42  46  40  32  26  34  28  42  26  38   0  40  46  38  42  34  28  44  36  32
  54  56  60  62  72  66  70  64  56  50  58  52  66  50  62  56   0  70  62  66  58  52  68  60  56
  72  74  78  80  90  84  88  82  74  68  76  70  84  68  80  74  82   0  80  84  76  70  86  78  74
  48  50  54  56  66  60  64  58  50  44  52  46  60  44  56  50  58  64   0  60  52  46  62  54  50
  60  62  66  68  78  72  76  70  62  56  64  58  72  56  68  62  70  76  68   0  64  58  74  66  62
  36  38  42  44  54  48  52  46  38  32  40  34  48  32  44  38  46  52  44  48   0  34  50  42  38
  18  20  24  26  36  30  34  28  20  14  22  16  30  14  26  20  28  34  26  30  22   0  32  24  20
  66  68  72  74  84  78  82  76  68  62  70  64  78  62  74  68  76  82  74  78  70  64   0  72  68
  42  44  48  50  60  54  58  52  44  38  46  40  54  38  50  44  52  58  50  54  46  40  56   0  44
  30  32  36  38  48  42  46  40  32  26  34  28  42  26  38  32  40  46  38  42  34  28  44  36   0