130 5

 0 137 189 258 183 535 330 222 572 447 189 413 424 455 298 97 190 205 260 233 268 332 360 433 382 260 219 248 326 257 214 424 296 175 225 430 328 353 102 347 56 351 222 332 131 193 338 367 413 133 378 558 388 206 407 531 559 421 291 393 190 150 293 303 497 400 422 324 329 264 79 472 628 521 522 151 423 372 330 191 420 583 200 508 367 376 396 334 318 412 543 428 274 366 332 420 325 346 533 445 596 550 453 196 136 337 216 213 225 322 609 135 409 305 210 303 151 190 487 422 316 401 607 239 340 255 167 115 187 109
 137 0 156 137 293 415 397 157 493 337 304 337 325 345 253 198 144 124 230 116 173 220 250 375 399 341 185 299 278 227 168 420 200 155 105 420 215 255 139 232 130 229 236 211 244 84 224 390 297 65 256 470 268 103 288 456 483 304 260 271 304 215 327 408 420 400 318 348 432 324 103 356 532 428 430 267 378 321 254 78 355 518 188 498 362 475 319 430 298 403 426 325 158 340 263 315 394 354 434 391 545 431 396 223 202 223 257 149 341 320 566 185 404 259 250 237 174 70 467 301 255 285 562 339 334 197 219 198 288 82
 189 156 0 228 277 434 496 69 623 315 301 470 275 324 393 185 282 84 368 171 134 219 237 515 528 428 323 195 418 91 308 556 160 288 215 557 220 378 140 239 151 286 363 254 247 125 229 516 385 130 307 593 347 238 306 588 614 395 125 321 336 148 447 462 552 262 280 473 488 428 116 444 650 548 551 286 518 201 389 141 492 653 53 635 223 537 452 498 436 264 507 439 185 479 400 280 491 486 548 532 684 440 534 343 148 326 371 59 362 455 706 118 540 134 146 376 99 155 606 370 145 288 702 403 195 86 326 170 351 131
 258 137 228 0 417 292 475 202 406 249 428 265 263 258 242 321 189 164 247 103 162 149 176 348 432 432 209 402 256 282 200 429 180 212 69 420 140 161 260 146 254 100 288 95 368 109 140 428 163 179 126 371 132 113 176 376 400 172 308 141 424 329 383 516 340 458 245 391 540 401 223 223 426 324 328 390 342 335 199 115 298 447 266 498 419 578 248 531 304 460 292 213 87 333 218 243 477 383 322 389 489 312 344 291 319 99 330 196 462 344 519 297 411 317 351 205 280 91 454 165 269 185 513 446 393 232 304 320 398 202
 183 293 277 417 0 677 362 325 724 571 55 566 533 579 442 95 345 324 401 378 386 464 487 582 470 280 364 204 469 313 366 528 413 321 382 539 462 513 214 482 179 501 337 478 96 333 472 450 572 276 528 714 545 366 547 681 709 580 340 543 126 143 374 250 648 387 538 414 273 320 203 631 786 678 679 89 560 428 485 335 568 727 258 617 369 325 549 301 444 424 702 588 414 493 484 537 363 446 693 596 731 688 597 308 149 497 312 315 143 434 738 165 516 391 201 455 216 339 602 577 392 535 736 226 348 341 264 137 188 250
 535 415 434 292 677 0 758 386 507 156 692 444 221 173 493 577 473 367 516 343 312 252 230 590 693 718 483 603 495 434 481 670 312 496 352 654 249 350 512 226 515 219 567 217 631 345 220 692 232 437 162 453 203 398 142 501 512 250 443 152 700 559 660 801 473 564 191 661 825 684 478 235 517 404 409 660 548 402 424 363 489 577 454 732 535 864 427 817 556 583 228 330 261 572 447 201 761 644 383 655 637 59 530 575 555 270 614 381 735 605 679 527 652 499 556 449 507 352 671 196 365 163 671 731 517 385 589 567 681 461
 330 397 496 475 362 758 0 518 568 707 334 447 701 715 319 351 329 493 294 488 549 591 622 472 194 88 286 520 330 560 328 265 576 287 443 282 585 460 405 600 359 565 198 561 344 460 592 170 570 415 588 585 563 400 642 523 546 576 594 602 255 429 132 191 501 694 692 163 198 93 381 612 692 566 562 296 371 675 399 454 425 536 504 360 665 195 429 158 260 712 680 528 526 295 384 690 126 204 601 521 506 778 425 202 419 493 182 509 324 225 499 427 260 606 496 364 453 441 349 606 616 648 500 185 639 554 185 392 189 399
 222 157 69 202 325 386 518 0 600 269 348 452 232 278 388 231 284 51 369 142 88 173 191 507 539 457 324 243 412 103 308 561 113 295 194 559 174 355 177 194 187 246 374 212 292 100 184 529 349 140 265 568 309 227 260 568 593 359 132 278 378 198 464 501 532 281 236 486 526 451 149 407 623 521 525 329 509 186 375 121 477 636 95 638 241 575 435 534 438 282 468 410 144 478 388 235 517 495 519 527 671 394 522 359 197 296 390 18 405 461 696 167 544 140 194 366 148 135 605 330 122 242 691 439 214 62 347 217 387 151
 572 493 623 406 724 507 568 600 0 569 717 196 616 581 312 645 426 560 371 499 560 527 543 415 419 576 371 774 279 679 411 346 575 429 439 316 518 266 608 512 585 424 416 446 672 501 506 426 313 540 407 91 340 429 482 72 44 323 707 410 673 684 456 696 94 856 588 430 712 519 571 288 294 111 100 668 216 731 275 501 206 110 655 393 817 722 179 679 317 858 302 226 478 295 275 590 600 390 169 541 172 535 186 454 670 309 483 592 727 369 221 657 334 712 725 302 648 475 297 378 666 513 211 642 790 631 490 658 612 554
 447 337 315 249 571 156 707 269 569 0 594 474 78 32 485 476 430 262 493 265 201 157 124 588 678 661 454 478 495 303 444 671 198 452 299 661 159 368 415 141 423 196 531 172 535 260 133 674 276 350 164 524 234 351 105 558 575 291 308 163 615 447 627 728 526 421 47 637 753 638 383 307 580 474 479 570 569 259 430 282 515 635 332 738 394 797 457 752 548 443 330 376 184 574 451 59 711 629 456 635 689 152 561 530 446 281 568 267 646 590 727 416 653 380 434 444 397 279 688 232 227 85 720 660 377 259 536 464 609 372
 189 304 301 428 55 692 334 348 717 594 0 562 556 599 434 113 343 343 393 392 406 482 506 576 450 255 358 237 461 340 363 510 434 317 391 521 479 514 230 499 191 514 324 492 104 348 490 430 579 289 541 711 553 371 563 675 702 586 369 556 99 171 355 220 643 420 560 395 244 298 218 637 786 676 676 73 549 457 482 349 562 718 284 599 401 296 545 272 432 456 709 590 430 480 480 559 339 429 693 592 719 705 588 295 174 502 297 337 116 419 725 191 498 415 232 451 239 352 586 587 418 553 723 200 380 366 249 159 164 263
 413 337 470 265 566 444 447 452 196 474 562 0 503 479 161 485 266 410 219 352 419 400 421 259 324 441 214 615 135 529 252 275 437 271 288 255 390 128 448 389 425 306 272 325 513 351 383 327 226 382 304 185 243 271 380 155 183 233 558 312 520 524 333 558 120 707 479 314 575 387 412 237 281 157 155 512 141 593 115 349 82 219 501 332 667 593 19 548 193 708 291 142 343 187 116 479 469 282 190 382 260 471 123 306 510 186 338 442 572 249 291 497 259 561 566 143 490 323 264 287 526 406 285 498 640 484 340 498 463 395
 424 325 275 263 533 221 701 232 616 78 556 503 0 91 503 443 433 235 504 259 174 157 124 609 689 651 463 426 517 250 450 690 169 453 304 682 161 401 387 152 396 229 535 197 504 246 143 683 324 331 209 574 280 355 154 602 621 338 250 211 589 405 630 708 568 355 33 644 733 634 357 362 628 524 528 541 599 193 456 270 548 678 286 760 329 780 492 737 565 380 391 420 185 595 476 46 705 641 508 649 730 217 594 529 407 317 565 230 617 602 765 376 672 338 386 466 359 272 714 282 168 125 758 643 314 213 529 429 590 351
 455 345 324 258 579 173 715 278 581 32 599 479 91 0 489 480 434 266 497 269 204 161 127 592 682 665 458 482 500 307 448 676 201 456 303 665 162 373 419 145 426 201 535 176 539 263 137 678 282 354 170 532 240 355 112 564 581 298 312 170 618 450 631 731 532 427 54 641 756 642 387 315 586 481 486 573 575 265 435 286 521 641 336 743 399 801 463 756 552 448 339 382 187 578 456 64 715 633 464 639 695 165 566 534 449 287 572 271 649 594 733 420 658 384 438 449 400 282 693 239 232 90 726 664 382 263 539 467 612 376
 298 253 393 242 442 493 319 388 312 485 434 161 503 489 0 371 160 350 87 304 379 385 413 180 228 309 91 516 55 461 142 214 402 151 239 207 376 173 348 383 319 318 139 327 392 294 376 227 288 298 333 312 290 202 401 268 296 294 494 345 389 421 209 424 237 635 481 200 443 257 314 324 404 285 283 385 155 547 109 289 155 313 422 285 597 463 146 417 91 638 390 236 320 120 92 479 339 179 313 275 327 519 183 172 406 219 205 380 443 140 344 398 197 493 471 78 397 265 245 335 479 417 340 364 569 426 207 389 330 303
 97 198 185 321 95 577 351 231 645 476 113 485 443 480 371 0 269 231 337 284 294 370 394 512 439 281 297 171 403 236 293 489 321 252 291 497 368 430 119 388 87 408 289 384 65 239 379 422 482 183 434 637 453 279 453 609 638 489 266 449 157 78 346 287 576 344 447 382 312 304 109 541 705 599 600 104 500 354 409 241 499 661 178 575 318 364 475 330 390 367 612 503 320 439 411 446 355 408 610 524 673 594 531 260 72 408 273 225 180 389 684 85 475 304 146 381 129 246 556 484 310 441 681 239 293 255 223 48 191 157
 190 144 282 189 345 473 329 284 426 430 343 266 433 434 160 269 0 245 128 214 286 312 342 287 302 288 83 400 184 350 68 319 311 66 160 318 305 216 232 317 204 279 145 275 290 196 310 294 301 183 303 412 287 116 356 383 411 307 383 318 311 305 241 382 349 521 413 254 404 254 197 353 485 376 376 293 284 443 183 189 273 436 307 396 483 438 248 390 197 524 426 292 245 239 184 411 330 256 392 299 456 492 309 145 291 221 183 272 358 220 473 281 302 382 354 155 280 169 366 327 377 363 469 313 454 320 160 276 268 187
 205 124 84 164 324 367 493 51 560 262 343 410 235 266 350 231 245 0 336 106 78 156 178 471 508 437 291 262 376 133 274 528 106 264 157 526 155 318 168 175 176 217 345 185 287 64 165 499 317 115 239 532 279 191 242 531 557 327 163 252 369 207 436 488 495 311 233 457 513 427 137 376 587 486 489 322 473 213 338 85 441 599 118 604 272 560 398 518 404 312 438 375 117 443 351 232 494 463 484 492 635 380 485 331 202 261 363 47 399 429 659 174 511 167 212 330 154 99 570 301 146 227 654 423 245 91 322 217 371 132
 260 230 368 247 401 516 294 369 371 493 393 219 504 497 87 337 128 336 0 292 366 382 411 230 228 273 54 478 111 436 112 235 390 111 230 233 374 209 312 384 280 329 102 333 349 277 376 223 319 269 348 368 315 188 411 325 353 325 469 361 344 382 187 385 294 606 482 188 404 225 278 361 455 339 337 340 206 528 152 271 212 369 393 311 568 427 200 380 111 610 430 280 316 154 140 480 305 179 365 271 379 538 239 130 367 243 165 358 398 141 393 360 218 468 435 115 363 249 281 359 461 424 389 322 540 405 164 349 286 271
 233 116 171 103 378 343 488 142 499 265 392 352 259 269 304 284 214 106 292 0 114 144 174 416 475 436 250 341 323 219 235 484 138 234 96 480 138 252 212 155 212 165 316 140 329 47 147 467 255 134 190 465 219 141 213 466 491 264 247 205 398 273 412 504 430 397 243 427 529 415 176 314 521 419 422 357 417 285 277 60 379 535 202 558 357 572 334 527 358 398 380 309 81 394 293 241 487 427 417 443 573 356 425 310 265 195 346 133 432 390 600 240 467 254 290 273 222 53 520 245 217 208 595 436 331 172 311 271 385 158
 268 173 134 162 386 312 549 88 560 201 406 419 174 204 379 294 286 78 366 114 0 102 119 494 551 495 327 308 401 151 312 563 44 308 174 558 104 319 231 122 239 185 390 149 350 95 112 543 293 173 199 525 251 220 189 534 558 304 171 211 432 264 484 550 498 318 170 501 575 481 200 349 579 477 481 385 494 189 353 119 454 605 159 637 280 622 406 578 437 322 405 366 85 473 369 169 550 504 471 522 647 322 500 380 262 250 414 85 462 468 675 232 545 203 260 351 213 127 599 268 122 169 670 484 256 97 376 278 432 192
 332 220 219 149 464 252 591 173 527 157 482 400 157 161 385 370 312 156 382 144 102 0 66 490 568 540 342 390 398 230 329 569 101 334 183 562 41 292 300 56 305 132 415 94 420 139 46 562 241 230 137 485 197 235 123 502 524 253 247 148 496 343 511 606 467 389 137 523 632 518 266 293 537 435 439 452 483 243 340 160 436 576 241 640 353 676 383 631 444 396 344 325 64 475 359 135 590 519 425 528 623 260 482 412 339 213 448 166 528 481 655 311 551 285 342 346 290 157 596 210 184 107 649 539 330 177 415 353 487 253
 360 250 237 176 487 230 622 191 543 124 506 421 124 127 413 394 342 178 411 174 119 66 0 518 599 571 373 406 426 239 361 598 115 365 214 590 70 314 326 63 332 146 447 110 446 168 52 593 252 259 141 499 207 266 108 521 541 265 251 148 524 364 542 636 486 387 104 554 662 550 293 299 552 449 454 480 509 234 366 191 460 596 257 668 353 706 405 661 473 398 344 341 96 503 385 101 622 550 437 558 645 236 506 443 361 232 480 185 556 511 678 332 581 302 359 374 312 188 623 215 181 84 672 569 332 188 446 377 517 281
 433 375 515 348 582 590 472 507 415 588 576 259 609 592 180 512 287 471 230 416 494 490 518 0 337 420 188 605 141 541 232 316 473 247 310 306 442 226 437 447 410 379 249 389 490 369 441 336 342 381 391 370 346 278 461 331 359 348 573 402 493 512 321 534 299 717 545 311 552 368 402 376 458 341 339 486 235 621 161 365 220 382 505 384 678 574 203 527 198 719 443 289 387 219 144 543 450 288 368 361 403 576 255 280 497 275 314 457 546 250 423 487 299 572 559 136 484 340 339 391 553 479 419 472 650 503 314 482 436 389
 382 399 528 432 470 693 194 539 419 678 450 324 689 682 228 439 302 508 228 475 551 568 599 337 0 225 237 601 221 598 293 102 573 271 416 119 561 369 453 571 412 515 172 520 436 457 564 38 486 433 531 445 490 373 597 376 396 492 633 543 378 503 114 343 359 756 669 82 351 175 424 516 568 433 428 403 224 701 304 450 295 379 548 196 721 346 307 312 143 765 577 422 502 159 285 667 247 74 475 456 343 719 281 207 490 418 205 529 442 113 336 492 97 635 566 277 506 431 185 535 636 611 336 316 694 577 226 466 305 427
 260 341 428 432 280 718 88 457 576 661 255 441 651 665 309 281 288 437 273 436 495 540 571 420 225 0 264 447 329 495 298 299 524 253 403 314 539 445 341 555 294 529 182 522 270 410 547 206 547 359 554 590 537 362 603 534 559 553 529 569 180 357 146 135 509 623 644 185 149 81 319 594 689 568 565 221 386 612 388 404 429 556 438 392 595 167 428 120 267 643 665 516 480 309 375 642 105 227 598 502 534 742 436 173 348 468 152 450 248 237 531 357 291 544 424 352 386 393 381 578 555 606 530 109 569 494 141 322 114 341
 219 185 323 209 364 483 286 324 371 454 358 214 463 458 91 297 83 291 54 250 327 342 373 188 237 264 0 441 121 396 73 251 353 75 194 250 339 196 274 350 243 300 99 301 317 239 342 235 299 230 320 369 292 151 380 331 359 305 430 334 321 345 191 371 299 567 448 197 391 220 240 344 451 338 337 312 219 489 145 233 219 379 354 328 529 418 202 371 128 571 415 269 280 171 138 445 300 192 360 253 392 510 249 117 331 221 154 319 372 155 407 323 234 429 397 110 324 211 298 335 422 391 404 306 501 366 146 313 267 232
 248 299 195 402 204 603 520 243 774 478 237 615 426 482 516 171 400 262 478 341 308 390 406 605 601 447 441 0 543 181 427 647 328 394 376 653 393 536 217 412 211 461 446 429 220 295 402 585 557 267 482 751 521 384 478 735 763 566 197 495 302 103 509 430 700 214 433 544 453 468 206 617 811 708 710 252 642 279 532 306 630 794 148 732 197 506 598 480 541 256 681 602 360 589 538 435 519 568 712 658 815 607 668 419 129 494 435 231 319 546 830 121 633 295 71 511 162 318 711 545 261 457 827 396 179 234 384 162 350 250
 326 278 418 256 469 495 330 412 279 495 461 135 517 500 55 403 184 376 111 323 401 398 426 141 221 329 121 543 0 487 170 197 422 180 259 186 392 169 377 397 347 328 160 339 421 317 391 224 286 325 339 284 292 226 410 236 263 292 519 350 415 449 219 444 206 662 495 204 461 273 342 315 382 260 257 412 121 570 105 312 124 279 449 264 623 479 120 433 85 664 379 224 337 99 85 493 354 177 291 301 292 523 149 196 435 222 226 404 469 140 310 426 180 518 499 86 425 288 219 337 502 428 306 386 595 450 232 418 354 331
 257 227 91 282 313 434 560 103 679 303 340 529 250 307 461 236 350 133 436 219 151 230 239 541 598 495 396 181 487 0 382 631 171 363 277 632 239 438 208 256 219 322 438 286 299 183 246 591 428 205 336 651 387 307 319 651 677 439 44 348 391 179 522 520 615 187 262 548 545 500 187 485 706 604 608 339 589 128 457 203 559 719 62 710 148 597 518 560 511 189 542 493 220 553 469 265 562 561 601 604 753 440 603 418 188 378 446 98 414 530 776 158 615 164 148 446 152 218 680 405 91 295 772 466 121 73 399 219 415 207
 214 168 308 200 366 481 328 308 411 444 363 252 450 448 142 293 68 274 112 235 312 329 361 232 293 298 73 427 170 382 0 303 331 72 174 301 320 207 256 331 228 287 137 286 310 216 324 283 300 207 310 397 288 130 366 366 394 306 407 324 326 329 233 390 333 545 429 243 412 253 222 350 473 363 363 311 265 466 169 209 256 419 332 379 507 443 232 395 179 548 422 283 261 221 168 426 331 242 381 281 437 500 291 144 315 220 183 295 375 205 454 306 286 406 379 138 305 188 348 330 399 375 450 322 479 343 165 299 279 211
 424 420 556 429 528 670 265 561 346 671 510 275 690 676 214 489 319 528 235 484 563 569 598 316 102 299 251 647 197 631 303 0 587 297 424 35 565 343 493 572 455 506 211 515 492 475 565 111 458 462 517 381 468 385 588 307 324 465 663 528 444 552 179 417 296 795 670 144 425 245 462 480 516 374 368 464 163 725 282 468 246 301 583 112 758 420 262 386 133 801 535 384 508 124 261 668 320 109 421 458 260 700 219 252 538 399 258 554 507 130 252 537 25 663 612 262 546 446 101 513 658 605 252 386 730 601 279 515 372 460
 296 200 160 180 413 312 576 113 575 198 434 437 169 201 402 321 311 106 390 138 44 101 115 473 573 524 353 328 422 171 331 587 0 330 193 578 104 333 255 121 263 190 412 153 374 117 111 564 300 197 201 536 257 240 186 546 570 311 182 213 456 286 506 574 511 327 162 523 599 504 224 354 589 487 491 409 511 192 369 142 469 619 178 656 290 646 420 603 457 333 408 376 94 492 386 161 574 525 480 541 661 316 515 403 284 260 437 106 486 488 690 255 565 223 280 369 235 148 617 272 127 165 685 509 266 112 399 302 456 217
 175 155 288 212 321 496 287 295 429 452 317 271 453 456 151 252 66 264 111 234 308 334 365 247 271 253 75 394 180 363 72 297 330 0 185 297 329 234 229 342 197 305 110 301 271 215 335 263 325 192 330 422 312 141 382 387 415 331 393 344 282 298 205 346 354 526 437 221 368 216 196 376 499 388 388 269 276 458 194 208 275 436 313 375 489 401 255 353 178 531 448 310 269 223 191 435 292 227 407 302 450 518 307 107 284 245 145 286 331 194 464 277 279 394 352 161 280 190 349 353 393 389 461 277 461 334 122 266 234 191
 225 105 215 69 382 352 443 194 439 299 391 288 304 303 239 291 160 157 230 96 174 183 214 310 416 403 194 376 259 277 174 424 193 185 0 416 176 194 225 188 217 160 264 150 330 94 181 410 222 145 188 409 193 83 231 405 431 229 301 203 385 297 359 479 369 450 285 371 503 371 188 281 467 365 368 351 351 342 212 93 315 472 247 494 410 543 271 496 296 451 351 258 117 330 227 283 445 368 367 379 509 371 360 262 286 150 300 185 424 330 535 266 404 304 325 208 251 66 455 227 275 235 530 409 383 228 271 284 360 167
 430 420 557 420 539 654 282 559 316 661 521 255 682 665 207 497 318 526 233 480 558 562 590 306 119 314 250 653 186 632 301 35 578 297 416 0 559 329 499 565 462 496 219 507 504 473 558 130 443 465 506 355 455 382 578 280 297 450 665 516 459 560 195 435 271 799 663 160 444 262 467 462 494 350 344 478 141 725 270 467 227 272 587 84 762 439 243 405 131 804 515 366 503 115 250 661 337 122 398 454 230 686 196 262 546 387 270 555 521 137 223 544 33 665 619 254 552 444 73 500 658 597 223 403 734 602 290 524 387 464
 328 215 220 140 462 249 585 174 518 159 479 390 161 162 376 368 305 155 374 138 104 41 70 442 561 539 339 393 392 239 320 565 104 329 176 559 0 283 298 53 303 123 409 85 418 136 43 555 233 227 130 476 189 228 119 493 515 245 251 141 493 344 505 603 458 394 141 517 628 513 265 285 528 427 431 450 475 250 331 157 427 568 244 632 358 672 374 626 436 401 337 316 58 467 351 139 585 512 416 520 615 258 474 406 339 204 443 168 526 474 647 311 544 288 344 338 291 152 587 202 190 106 641 535 335 181 410 352 484 251
 353 255 378 161 513 350 460 355 266 368 514 128 401 373 173 430 216 318 209 252 319 292 314 226 369 445 196 536 169 438 207 343 333 234 194 329 283 0 377 284 360 202 273 220 461 258 278 371 139 303 203 238 148 194 278 237 261 146 463 212 488 453 354 550 201 613 375 347 570 395 340 174 299 195 197 469 225 492 99 258 170 309 413 404 573 597 114 550 232 614 243 99 240 245 121 374 476 323 203 358 354 379 216 296 440 83 333 349 535 285 387 423 324 469 488 132 412 232 346 193 425 302 380 483 547 388 324 433 442 320
 102 139 140 260 214 512 405 177 608 415 230 448 387 419 348 119 232 168 312 212 231 300 326 437 453 341 274 217 377 208 256 493 255 229 225 499 298 377 0 315 57 334 287 310 166 165 306 436 413 110 361 584 382 219 379 565 593 421 234 375 247 122 364 370 530 349 380 393 395 338 36 472 648 544 545 200 471 316 362 168 459 623 144 569 314 444 428 404 375 358 542 443 246 421 368 378 399 411 551 486 644 521 496 263 109 341 287 162 276 384 660 95 472 250 168 340 99 174 545 412 261 368 657 309 287 201 239 105 257 86
 347 232 239 146 482 226 600 194 512 141 499 389 152 145 383 388 317 175 384 155 122 56 63 447 571 555 350 412 397 256 331 572 121 342 188 565 53 284 315 0 322 115 421 78 438 154 25 566 222 246 115 469 178 240 97 489 510 235 267 124 512 364 517 621 454 408 129 528 646 527 284 272 521 419 423 470 477 259 334 175 428 564 263 638 372 689 373 644 444 416 321 310 73 473 354 127 600 522 407 529 613 236 474 420 359 200 457 187 545 483 646 331 551 307 364 344 311 169 592 188 202 84 640 553 350 198 425 372 501 270
 56 130 151 254 179 515 359 187 585 423 191 425 396 426 319 87 204 176 280 212 239 305 332 410 412 294 243 211 347 219 228 455 263 197 217 462 303 360 57 322 0 339 254 316 132 173 316 400 411 114 366 571 382 209 388 548 576 418 251 380 209 117 327 329 513 360 394 358 355 299 45 470 637 532 533 163 447 333 345 173 439 603 160 538 327 403 412 363 346 372 540 434 255 393 349 393 358 378 541 465 620 530 475 229 103 337 250 179 239 353 635 97 440 267 173 320 111 177 516 414 279 379 632 268 300 218 201 88 216 88
 351 229 286 100 501 219 565 246 424 196 514 306 229 201 318 408 279 217 329 165 185 132 146 379 515 529 300 461 328 322 287 506 190 305 160 496 123 202 334 115 339 0 379 52 453 174 110 512 137 259 55 381 94 207 110 403 423 149 338 70 514 400 473 610 368 484 201 478 634 494 302 191 434 332 336 478 401 342 261 186 348 478 317 570 447 672 291 625 382 489 249 223 102 406 282 200 570 466 321 473 529 241 394 384 392 116 423 240 552 427 563 367 486 362 412 277 348 170 519 112 281 129 557 540 423 264 398 398 491 283
 222 236 363 288 337 567 198 374 416 531 324 272 535 535 139 289 145 345 102 316 390 415 447 249 172 182 99 446 160 438 137 211 412 110 264 219 409 273 287 421 254 379 0 381 297 300 418 165 382 272 403 425 376 223 461 375 401 388 471 417 271 351 106 296 347 597 522 122 314 133 264 426 518 399 397 278 237 540 217 293 265 409 387 297 561 336 260 289 118 604 495 345 353 166 204 519 214 135 428 333 405 593 281 54 337 305 77 368 329 111 411 336 197 473 411 181 347 275 278 419 476 470 410 237 534 416 88 315 206 266
 332 211 254 95 478 217 561 212 446 172 492 325 197 176 327 384 275 185 333 140 149 94 110 389 520 522 301 429 339 286 286 515 153 301 150 507 85 220 310 78 316 52 381 0 433 149 75 518 163 238 69 407 120 202 97 426 447 175 303 82 499 373 475 600 392 449 173 482 624 491 281 217 459 357 361 460 418 306 276 165 367 502 285 583 412 664 312 618 392 454 272 248 70 418 297 172 567 473 347 479 551 237 413 382 366 138 421 208 535 434 585 340 497 330 382 289 321 151 535 135 245 106 578 530 388 230 393 374 480 262
 131 244 247 368 96 631 344 292 672 535 104 513 504 539 392 65 290 287 349 329 350 420 446 490 436 270 317 220 421 299 310 492 374 271 330 504 418 461 166 438 132 453 297 433 0 284 427 416 518 226 477 659 491 311 500 627 655 525 322 492 133 131 339 263 594 396 499 377 288 292 154 576 731 623 623 80 510 410 430 285 515 675 234 575 371 340 494 307 396 421 648 532 366 445 430 498 341 406 637 542 682 642 545 262 127 442 271 278 156 391 691 141 474 359 198 400 184 288 558 524 366 490 689 218 347 310 220 104 171 199
 193 84 125 109 333 345 460 100 501 260 348 351 246 263 294 239 196 64 277 47 95 139 168 369 457 410 239 295 317 183 216 475 117 215 94 473 136 258 165 154 173 174 300 149 284 0 151 454 268 98 203 475 232 135 221 473 499 277 213 217 363 232 395 473 437 361 240 413 499 394 138 328 531 430 433 321 417 258 280 30 383 541 162 552 322 543 340 499 352 363 393 320 88 390 294 238 464 416 429 438 577 363 427 291 224 207 326 97 397 380 602 199 459 216 249 273 180 41 516 259 190 213 597 406 295 140 289 231 354 121
 338 224 229 140 472 220 592 184 506 133 490 383 143 137 376 379 310 165 376 147 112 46 52 441 564 547 342 402 391 246 324 565 111 335 181 558 43 278 306 25 316 110 418 75 427 151 0 561 220 240 112 466 175 236 94 486 507 233 259 122 506 357 513 615 452 400 123 523 640 522 278 270 519 416 421 463 474 251 331 169 425 561 255 634 365 684 370 638 440 408 318 307 68 469 351 121 595 518 405 525 610 233 471 415 352 197 452 180 539 479 643 324 547 300 356 340 304 164 589 186 194 80 637 547 342 191 420 366 496 264
 367 390 516 428 450 692 170 529 426 674 430 327 683 678 227 422 294 499 223 467 543 562 593 336 38 206 235 585 224 591 283 111 564 263 410 130 555 371 436 566 400 512 165 518 416 454 561 0 489 425 532 454 492 369 596 385 405 495 624 544 359 491 98 322 368 745 667 71 330 157 413 520 575 441 436 386 233 693 308 445 302 389 538 206 711 324 313 290 147 755 583 428 499 166 288 665 227 75 482 455 353 720 289 197 478 420 192 522 424 114 345 480 107 626 554 279 495 426 195 536 629 609 346 297 683 569 213 453 287 418
 413 297 385 163 572 232 570 349 313 276 579 226 324 282 288 482 301 317 319 255 293 241 252 342 486 547 299 557 286 428 300 458 300 325 222 443 233 139 413 222 411 137 382 163 518 268 220 489 0 338 112 268 46 251 187 300 317 38 448 114 568 489 468 646 269 595 293 462 668 503 382 78 322 218 222 540 334 453 217 274 275 377 419 519 558 699 213 652 350 600 147 119 210 362 239 295 583 441 203 464 433 263 316 398 478 77 437 345 610 402 473 456 441 467 509 247 439 251 457 83 393 218 465 577 533 373 422 479 532 361
 133 65 130 179 276 437 415 140 540 350 289 382 331 354 298 183 183 115 269 134 173 230 259 381 433 359 230 267 325 205 207 462 197 192 145 465 227 303 110 246 114 259 272 238 226 98 240 425 338 0 285 516 304 150 308 503 530 343 234 299 298 185 356 411 467 370 322 380 436 345 77 395 577 474 476 256 423 301 300 92 401 564 157 538 332 482 366 438 339 373 464 370 174 382 309 321 412 390 479 436 591 450 442 252 173 265 282 129 332 358 611 154 443 234 217 283 141 96 509 335 237 300 607 344 304 176 240 173 292 57
 378 256 307 126 528 162 588 265 407 164 541 304 209 170 333 434 303 239 348 190 199 137 141 391 531 554 320 482 339 336 310 517 201 330 188 506 130 203 361 115 366 55 403 69 477 203 112 532 112 285 0 366 71 238 77 395 413 130 355 16 547 429 499 642 362 497 182 502 666 522 334 159 419 315 320 511 410 348 274 218 354 472 341 585 462 704 294 656 401 505 207 213 127 422 297 183 599 488 301 496 526 190 398 413 422 121 452 264 584 448 563 396 502 386 438 295 376 202 530 75 292 106 556 572 439 283 428 429 523 315
 558 470 593 371 714 453 585 568 91 524 711 185 574 532 312 637 412 532 368 465 525 485 499 370 445 590 369 751 284 651 397 381 536 422 409 355 476 238 584 469 571 381 425 407 659 475 466 454 268 516 366 0 292 404 433 104 98 276 671 361 670 663 471 704 103 821 540 447 721 530 550 235 247 58 47 661 239 691 260 470 209 166 625 426 782 735 169 691 329 823 246 184 439 313 265 542 612 410 114 531 228 481 206 455 650 269 486 559 722 384 277 634 364 679 700 292 624 444 336 328 627 465 267 646 756 595 490 640 612 531
 388 268 347 132 545 203 563 309 340 234 553 243 280 240 290 453 287 279 315 219 251 197 207 346 490 537 292 521 292 387 288 468 257 312 193 455 189 148 382 178 382 94 376 120 491 232 175 492 46 304 71 292 0 232 147 329 346 63 409 75 550 458 468 634 296 555 253 466 656 499 354 103 352 249 253 519 352 412 225 243 294 405 384 533 518 690 234 643 357 560 166 146 172 373 248 254 578 447 235 463 460 236 338 391 449 73 430 308 590 408 498 426 453 430 476 251 408 221 474 50 352 177 491 564 494 335 412 451 517 333
 206 103 238 113 366 398 400 227 429 351 371 271 355 355 202 279 116 191 188 141 220 235 266 278 373 362 151 384 226 307 130 385 240 141 83 382 228 194 219 240 209 207 223 202 311 135 236 369 251 150 238 404 232 0 279 390 418 253 332 245 356 297 314 442 355 477 336 326 466 327 184 304 467 363 365 327 320 382 189 124 291 454 268 454 438 503 254 456 255 479 376 262 168 292 200 334 402 324 370 340 484 417 334 218 284 169 256 217 397 287 507 268 363 332 334 177 258 100 418 262 314 285 503 372 410 262 229 277 325 164
 407 288 306 176 547 142 642 260 482 105 563 380 154 112 401 453 356 242 411 213 189 123 108 461 597 603 380 478 410 319 366 588 186 382 231 578 119 278 379 97 388 110 461 97 500 221 94 596 187 308 77 433 147 279 0 468 486 202 330 74 575 433 555 679 436 464 123 561 704 573 351 223 491 386 391 534 481 307 343 237 426 545 332 654 431 745 368 698 466 476 258 286 135 490 365 125 648 550 370 557 599 158 471 463 429 193 502 257 609 511 637 401 570 376 433 361 381 227 601 144 258 50 630 610 410 265 474 440 559 335
 531 456 588 376 681 501 523 568 72 558 675 155 602 564 268 609 383 531 325 466 534 502 521 331 376 534 331 735 236 651 366 307 546 387 405 280 493 237 565 489 548 403 375 426 627 473 486 385 300 503 395 104 329 390 468 0 56 308 676 394 629 645 412 652 56 825 571 385 667 474 533 282 285 115 105 625 172 704 237 468 162 105 621 353 785 677 140 635 272 826 307 208 452 251 235 572 556 346 172 499 163 531 142 410 631 285 438 560 683 324 208 619 292 679 688 262 611 442 261 364 639 496 199 598 758 600 446 618 567 517
 559 483 614 400 709 512 546 593 44 575 702 183 621 581 296 638 411 557 353 491 558 524 541 359 396 559 359 763 263 677 394 324 570 415 431 297 515 261 593 510 576 423 401 447 655 499 507 405 317 530 413 98 346 418 486 56 0 326 702 412 657 674 437 678 83 851 591 409 693 500 562 294 299 119 108 654 195 729 265 495 191 89 648 370 812 702 169 660 298 853 311 227 476 275 264 592 581 369 177 528 151 542 167 438 660 308 466 587 712 349 199 647 311 706 716 291 640 469 274 381 663 515 190 625 785 627 474 647 595 545
 421 304 395 172 580 250 576 359 323 291 586 233 338 298 294 489 307 327 325 264 304 253 265 348 492 553 305 566 292 439 306 465 311 331 229 450 245 146 421 235 418 149 388 175 525 277 233 495 38 343 130 276 63 253 202 308 326 0 455 126 571 493 470 648 274 602 304 465 670 505 386 91 329 225 230 543 337 461 219 278 279 383 425 522 565 701 217 654 352 607 162 124 217 364 241 306 585 443 212 466 438 277 320 400 483 80 439 351 613 404 478 461 444 473 514 249 444 256 460 96 400 229 470 579 540 380 424 482 534 365
 291 260 125 308 340 443 594 132 707 308 369 558 250 312 494 266 383 163 469 247 171 247 251 573 633 529 430 197 519 44 407 663 182 393 301 665 251 463 234 267 251 338 471 303 322 213 259 624 448 234 355 671 409 332 330 676 702 455 0 363 420 205 554 549 642 169 263 581 575 533 219 504 730 628 632 367 619 108 485 232 588 746 93 742 130 626 545 590 542 171 559 517 240 584 498 266 594 593 624 635 782 444 632 451 216 401 478 126 442 562 806 187 647 195 168 476 183 246 712 423 85 304 801 497 105 94 431 248 446 239
 393 271 321 141 543 152 602 278 410 163 556 312 211 170 345 449 318 252 361 205 211 148 148 402 543 569 334 495 350 348 324 528 213 344 203 516 141 212 375 124 380 70 417 82 492 217 122 544 114 299 16 361 75 245 74 394 412 126 363 0 562 443 512 657 367 507 184 514 681 536 349 157 422 317 322 526 418 356 285 232 362 476 354 595 472 718 302 671 413 515 201 217 140 433 307 186 613 500 301 509 531 181 406 427 436 130 466 277 599 460 569 410 513 398 452 306 391 217 540 75 301 109 562 587 449 295 442 443 538 330
 190 304 336 424 126 700 255 378 673 615 99 520 589 618 389 157 311 369 344 398 432 496 524 493 378 180 321 302 415 391 326 444 456 282 385 459 493 488 247 512 209 514 271 499 133 363 506 359 568 298 547 670 550 356 575 629 657 571 420 562 0 226 286 151 600 486 586 327 176 226 237 623 754 642 641 77 496 507 448 359 518 667 330 534 464 228 505 198 376 516 695 564 442 424 442 585 263 363 662 555 662 717 539 242 223 488 237 368 90 358 665 238 432 452 291 414 279 357 521 582 461 568 663 122 441 404 195 200 91 275
 150 215 148 329 143 559 429 198 684 447 171 524 405 450 421 78 305 207 382 273 264 343 364 512 503 357 345 103 449 179 329 552 286 298 297 560 344 453 122 364 117 400 351 373 131 232 357 491 489 185 429 663 458 297 433 645 674 493 205 443 226 0 417 360 615 276 412 451 384 378 121 551 733 628 630 177 551 295 446 239 542 706 125 638 249 437 513 405 449 300 618 526 308 496 451 412 431 475 635 568 724 572 578 325 36 422 342 192 249 452 739 40 539 263 77 423 94 249 618 485 259 419 736 316 225 211 291 69 267 169
 293 327 447 383 374 660 132 464 456 627 355 333 630 631 209 346 241 436 187 412 484 511 542 321 114 146 191 509 219 522 233 179 506 205 359 195 505 354 364 517 327 473 106 475 339 395 513 98 468 356 499 471 468 314 555 412 437 470 554 512 286 417 0 266 390 671 615 62 278 88 341 506 581 455 451 310 262 626 291 385 314 431 466 270 637 286 318 244 148 681 573 419 447 186 275 613 166 102 490 420 409 685 315 127 401 392 117 455 349 114 407 404 169 558 478 257 421 368 259 507 563 564 406 228 610 502 137 376 214 349
 303 408 462 516 250 801 191 501 696 728 220 558 708 731 424 287 382 488 385 504 550 606 636 534 343 135 371 430 444 520 390 417 574 346 479 435 603 550 370 621 329 610 296 600 263 473 615 322 646 411 642 704 634 442 679 652 678 648 549 657 151 360 266 0 627 615 702 305 46 201 357 695 801 683 680 208 505 636 497 467 546 676 459 509 594 97 543 78 386 646 767 624 549 429 486 701 224 346 711 607 654 820 555 278 354 565 261 491 218 357 649 368 409 578 422 461 407 461 499 669 588 676 649 120 571 529 236 330 138 390
 497 420 552 340 648 473 501 532 94 526 643 120 568 532 237 576 349 495 294 430 498 467 486 299 359 509 299 700 206 615 333 296 511 354 369 271 458 201 530 454 513 368 347 392 594 437 452 368 269 467 362 103 296 355 436 56 83 274 642 367 600 615 390 627 0 790 539 366 643 451 499 256 261 102 94 595 156 670 203 433 133 130 586 344 750 655 106 612 249 791 288 176 417 231 202 540 533 328 155 467 185 504 123 382 598 251 411 525 653 303 226 585 281 644 653 229 577 407 258 333 604 464 218 571 723 565 417 585 540 482
 400 400 262 458 387 564 694 281 856 421 420 707 355 427 635 344 521 311 606 397 318 389 387 717 756 623 567 214 662 187 545 795 327 526 450 799 394 613 349 408 360 484 597 449 396 361 400 745 595 370 497 821 555 477 464 825 851 602 169 507 486 276 671 615 790 0 377 706 643 642 342 653 882 781 784 440 765 177 635 382 738 898 218 879 66 695 696 668 681 165 704 669 391 725 647 383 698 723 776 779 931 563 781 576 298 554 598 277 508 695 953 277 782 343 225 623 293 396 852 570 213 438 949 582 85 246 549 334 534 372
 422 318 280 245 538 191 692 236 588 47 560 479 33 54 481 447 413 233 482 243 170 137 104 545 669 644 448 433 495 262 429 670 162 437 285 663 141 375 380 129 394 201 522 173 499 240 123 667 293 322 182 540 253 336 123 571 591 304 263 184 586 412 615 702 539 377 0 631 732 626 357 333 601 496 501 543 578 214 436 264 526 653 296 742 350 777 469 733 549 399 361 394 173 577 457 23 698 626 480 633 705 189 572 520 414 293 557 235 619 588 741 383 655 346 397 447 365 264 695 254 185 98 734 640 334 223 522 434 588 349
 324 348 473 391 414 661 163 486 430 637 395 314 644 641 200 382 254 457 188 427 501 523 554 311 82 185 197 544 204 548 243 144 523 221 371 160 517 347 393 528 358 478 122 482 377 413 523 71 462 380 502 447 466 326 561 385 409 465 581 514 327 451 62 305 366 706 631 0 315 128 368 496 561 433 428 348 233 649 281 402 291 399 493 234 666 319 299 279 127 710 561 406 458 159 263 624 204 67 470 419 374 686 287 152 434 389 148 477 389 90 371 436 133 581 510 249 450 383 223 505 585 571 371 268 638 524 169 409 254 373
 329 432 488 540 273 825 198 526 712 753 244 575 733 756 443 312 404 513 404 529 575 632 662 552 351 149 391 453 461 545 412 425 599 368 503 444 628 570 395 646 355 634 314 624 288 499 640 330 668 436 666 721 656 466 704 667 693 670 575 681 176 384 278 46 643 643 732 315 0 214 381 716 819 699 697 232 518 660 516 491 562 688 483 517 617 78 560 73 400 670 788 643 572 442 504 725 236 356 728 626 663 843 569 297 378 586 279 516 241 369 657 392 417 602 445 479 432 485 507 691 612 700 657 143 595 554 256 354 162 414
 264 324 428 401 320 684 93 451 519 638 298 387 634 642 257 304 254 427 225 415 481 518 550 368 175 81 220 468 273 500 253 245 504 216 371 262 513 395 338 527 299 494 133 491 292 394 522 157 503 345 522 530 499 327 573 474 500 505 533 536 226 378 88 201 451 642 626 128 214 0 318 546 634 511 508 256 327 610 336 384 372 497 442 337 607 229 373 184 209 653 616 465 455 250 322 620 104 169 543 454 477 708 378 132 364 425 111 443 291 178 474 370 236 541 441 300 393 371 326 537 550 577 474 163 581 488 116 338 154 333
 79 103 116 223 203 478 381 149 571 383 218 412 357 387 314 109 197 137 278 176 200 266 293 402 424 319 240 206 342 187 222 462 224 196 188 467 265 340 36 284 45 302 264 281 154 138 278 413 382 77 334 550 354 184 351 533 562 386 219 349 237 121 341 357 499 342 357 368 381 318 0 444 619 515 517 194 445 301 334 140 431 595 133 545 305 434 400 393 350 349 513 414 220 396 340 355 383 389 522 460 617 495 469 242 108 312 267 142 270 361 634 93 448 233 165 312 92 145 521 384 244 343 630 298 278 183 220 104 246 57
 472 356 444 223 631 235 612 407 288 307 637 237 362 315 324 541 353 376 361 314 349 293 299 376 516 594 344 617 315 485 350 480 354 376 281 462 285 174 472 272 470 191 426 217 576 328 270 520 78 395 159 235 103 304 223 282 294 91 504 157 623 551 506 695 256 653 333 496 716 546 444 0 300 188 194 597 346 503 250 334 288 360 478 537 613 747 225 699 381 655 90 123 267 386 270 333 628 472 169 508 420 266 323 445 538 133 483 403 667 435 463 516 463 525 569 284 499 311 468 124 445 257 455 628 589 430 471 538 584 420
 628 532 650 426 786 517 692 623 294 580 786 281 628 586 404 705 485 587 455 521 579 537 552 458 568 689 451 811 382 706 473 516 589 499 467 494 528 299 648 521 637 434 518 459 731 531 519 575 322 577 419 247 352 467 491 285 299 329 730 422 754 733 581 801 261 882 601 561 819 634 619 300 0 154 158 693 327 699 294 483 276 315 638 521 792 793 220 747 394 833 283 193 448 386 305 551 669 482 165 567 375 501 297 500 670 278 534 570 756 450 419 653 452 691 716 330 641 458 442 339 636 474 411 692 766 606 533 662 655 550
 521 428 548 324 678 404 566 521 111 474 676 157 524 481 285 599 376 486 339 419 477 435 449 341 433 568 338 708 260 604 363 374 487 388 365 350 427 195 544 419 532 332 399 357 623 430 416 441 218 474 315 58 249 363 386 115 119 225 628 317 642 628 455 683 102 781 496 433 699 511 515 188 154 0 18 632 234 647 231 430 194 188 585 426 740 719 146 674 315 781 206 140 395 303 239 496 595 400 71 503 250 437 202 432 614 226 465 517 694 371 297 598 361 638 662 265 586 404 341 283 583 419 288 624 714 553 466 605 589 495
 522 430 551 328 679 409 562 525 100 479 676 155 528 486 283 600 376 489 337 422 481 439 454 339 428 565 337 710 257 608 363 368 491 388 368 344 431 197 545 423 533 336 397 361 623 433 421 436 222 476 320 47 253 365 391 105 108 230 632 322 641 630 451 680 94 784 501 428 697 508 517 194 158 18 0 633 229 652 232 434 191 179 589 420 745 717 145 672 312 786 211 145 400 299 239 502 593 396 77 504 240 443 197 432 617 231 464 522 695 368 287 601 356 643 665 265 590 408 334 289 588 425 278 623 718 558 466 608 588 497
 151 267 286 390 89 660 296 329 668 570 73 512 541 573 385 104 293 322 340 357 385 452 480 486 403 221 312 252 412 339 311 464 409 269 351 478 450 469 200 470 163 478 278 460 80 321 463 386 540 256 511 661 519 327 534 625 654 543 367 526 77 177 310 208 595 440 543 348 232 256 194 597 693 632 633 0 501 454 436 318 514 669 278 553 412 285 497 253 383 464 669 545 400 432 432 538 300 382 647 544 670 676 539 247 171 461 249 319 101 371 676 185 452 401 239 403 228 318 538 550 409 525 675 168 389 353 201 148 126 232
 423 378 518 342 560 548 371 509 216 569 549 141 599 575 155 500 284 473 206 417 494 483 509 235 224 386 219 642 121 589 265 163 511 276 351 141 475 225 471 477 447 401 237 418 510 417 474 233 334 423 410 239 352 320 481 172 195 337 619 418 496 551 262 505 156 765 578 233 518 327 445 346 327 234 229 501 0 665 178 409 110 192 549 215 722 527 127 486 128 763 396 250 425 101 162 573 407 195 278 401 194 578 77 277 534 285 300 502 554 175 209 526 147 617 599 178 525 384 144 393 597 503 206 456 694 548 313 516 430 431
