105 5

 0 58 348 1234 1182 175 223 634 720 322 364 507 1312 1259 503 785 883 838 733 653 613 637 692 769 878 903 799 729 680 850 779 803 881 1490 1454 1102 1173 1678 1658 1256 1387 1430 1446 1392 1344 1499 1456 1457 1377 1456 1527 1556 1627 1562 1537 1590 1644 1675 1689 2153 2144 1951 2010 2084 2420 2415 2163 2177 2308 2282 2268 2251 2291 2320 2368 2309 2290 2306 2321 2337 2376 2331 2355 2365 2454 2490 2768 2778 2645 2689 2714 2798 2798 3056 3058 2876 2908 3181 2990 3218 3014 3062 609 1275 1768
 58 0 335 1225 1173 138 186 617 705 285 327 477 1296 1242 467 758 859 811 702 618 576 600 658 738 850 874 767 694 644 814 742 766 846 1467 1429 1069 1142 1651 1630 1219 1353 1397 1412 1357 1307 1465 1421 1421 1340 1420 1491 1522 1592 1526 1500 1553 1608 1640 1652 2121 2112 1915 1974 2048 2387 2381 2126 2140 2272 2247 2231 2214 2255 2284 2332 2273 2253 2269 2284 2300 2340 2294 2318 2328 2417 2453 2734 2744 2608 2653 2677 2761 2761 3022 3024 2839 2871 3145 2954 3183 2977 3025 573 1239 1732
 348 335 0 932 879 336 361 330 414 397 427 328 1005 954 473 535 616 593 531 530 581 603 571 574 639 669 608 610 644 775 717 747 750 1205 1175 908 960 1416 1403 1183 1218 1243 1277 1254 1251 1334 1321 1365 1312 1365 1393 1394 1468 1431 1446 1500 1515 1520 1618 1931 1930 1810 1855 1986 2213 2215 2088 2104 2176 2138 2202 2161 2177 2186 2235 2196 2200 2239 2231 2224 2244 2264 2287 2288 2387 2395 2579 2595 2521 2555 2654 2738 2705 2877 2885 2815 2847 3063 2862 3044 2952 3000 535 1159 1666
 1234 1225 932 0 94 1224 1243 682 571 1236 1252 958 336 368 1196 779 716 788 918 1089 1251 1256 1109 943 824 846 964 1131 1281 1336 1274 1299 1159 738 768 1053 1008 1040 1075 1565 1321 1271 1356 1440 1563 1407 1497 1663 1674 1650 1560 1463 1532 1590 1718 1761 1666 1580 1908 1660 1693 1867 1860 2148 1975 2006 2307 2326 2218 2136 2439 2329 2272 2217 2264 2289 2364 2466 2393 2315 2272 2488 2501 2480 2598 2524 2372 2412 2550 2547 2864 2945 2815 2688 2717 3012 3042 3084 2850 2864 3138 3184 1179 1469 1862
 1182 1173 879 94 0 1167 1184 621 509 1175 1190 894 317 337 1133 714 652 725 853 1024 1187 1192 1044 879 761 783 900 1066 1217 1271 1209 1235 1096 714 740 995 954 1015 1048 1504 1268 1222 1305 1385 1504 1357 1443 1605 1615 1592 1507 1414 1484 1538 1662 1705 1614 1532 1852 1635 1666 1821 1818 2099 1950 1979 2256 2275 2175 2096 2387 2280 2227 2175 2222 2244 2316 2415 2344 2270 2230 2437 2450 2430 2548 2478 2346 2386 2510 2509 2814 2896 2771 2662 2691 2964 2993 3045 2813 2838 3091 3136 1114 1409 1810
 175 138 336 1224 1167 0 66 593 683 165 207 394 1266 1207 351 687 794 736 613 512 458 481 550 646 771 792 673 585 525 698 624 648 736 1405 1364 970 1049 1574 1549 1100 1246 1294 1305 1244 1190 1356 1308 1303 1221 1302 1377 1412 1482 1412 1382 1435 1493 1530 1532 2025 2014 1802 1863 1930 2286 2278 2006 2020 2156 2133 2111 2095 2137 2169 2216 2155 2134 2149 2165 2183 2224 2174 2198 2209 2297 2334 2628 2637 2492 2537 2557 2641 2642 2913 2914 2719 2751 3028 2838 3073 2857 2905 460 1125 1614
 223 186 361 1243 1184 66 0 601 692 145 187 387 1270 1210 332 681 790 729 603 496 438 462 534 635 763 784 661 569 505 679 605 628 719 1402 1359 957 1036 1565 1539 1080 1229 1278 1288 1226 1170 1339 1289 1283 1201 1282 1359 1395 1464 1393 1362 1415 1475 1512 1512 2011 2000 1783 1845 1910 2271 2262 1986 2000 2138 2114 2091 2075 2118 2150 2198 2136 2114 2129 2145 2163 2205 2154 2178 2189 2277 2315 2612 2620 2473 2519 2537 2621 2622 2896 2896 2699 2731 3008 2819 3056 2837 2885 442 1106 1595
 634 617 330 682 621 593 601 0 126 590 606 331 714 660 566 329 369 382 404 509 641 653 541 445 433 466 479 574 686 771 715 745 669 920 895 734 758 1148 1143 1122 1054 1058 1109 1120 1164 1167 1186 1275 1249 1273 1259 1229 1304 1297 1352 1404 1380 1357 1537 1695 1701 1656 1686 1868 1989 1998 1992 2010 2024 1973 2113 2049 2042 2032 2081 2061 2088 2149 2118 2089 2090 2173 2192 2187 2293 2274 2367 2390 2372 2395 2563 2646 2582 2673 2686 2722 2753 2915 2704 2844 2857 2904 572 1060 1552
 720 705 414 571 509 683 692 126 0 682 697 409 607 556 648 330 338 375 436 569 714 724 597 474 425 458 505 627 754 828 771 800 703 836 817 726 736 1079 1079 1152 1044 1038 1096 1122 1184 1154 1188 1294 1276 1290 1259 1216 1291 1296 1367 1418 1379 1344 1555 1643 1654 1644 1668 1870 1943 1955 2002 2020 2011 1956 2125 2053 2036 2018 2067 2055 2091 2160 2121 2083 2076 2184 2202 2193 2302 2273 2326 2352 2359 2378 2573 2656 2579 2635 2651 2730 2761 2901 2688 2807 2864 2911 643 1079 1558
 322 285 397 1236 1175 165 145 590 682 0 57 324 1241 1177 210 616 731 658 518 390 311 334 423 545 688 705 568 456 377 555 478 501 604 1338 1291 853 939 1483 1453 952 1115 1168 1173 1105 1043 1223 1167 1155 1072 1154 1236 1277 1346 1270 1234 1287 1350 1392 1383 1907 1893 1660 1724 1782 2160 2150 1857 1870 2012 1991 1961 1946 1991 2025 2072 2009 1985 1999 2016 2036 2080 2024 2048 2059 2147 2186 2496 2503 2346 2393 2407 2491 2493 2777 2776 2569 2601 2881 2692 2936 2707 2755 324 983 1467
 364 327 427 1252 1190 207 187 606 697 57 0 322 1245 1180 189 611 727 651 507 372 286 309 404 533 679 695 554 436 352 531 453 475 583 1331 1283 835 923 1471 1440 926 1093 1148 1152 1081 1018 1201 1143 1130 1046 1129 1212 1255 1323 1246 1209 1262 1326 1370 1357 1889 1874 1636 1700 1756 2140 2129 1831 1844 1988 1967 1935 1921 1965 2000 2048 1983 1959 1973 1990 2011 2055 1998 2022 2033 2121 2160 2474 2480 2321 2368 2381 2465 2467 2755 2753 2543 2575 2856 2667 2913 2681 2729 304 959 1442
 507 477 328 958 894 394 387 331 409 324 322 0 932 866 247 303 415 350 234 215 319 332 255 272 385 407 303 293 367 471 415 446 430 1025 981 609 675 1187 1163 868 908 942 968 936 932 1023 1003 1046 996 1045 1075 1083 1156 1113 1126 1180 1196 1207 1300 1654 1648 1494 1542 1666 1926 1923 1769 1786 1858 1823 1884 1841 1858 1869 1918 1877 1880 1921 1911 1905 1927 1946 1968 1969 2068 2075 2281 2295 2203 2238 2336 2420 2385 2575 2580 2497 2529 2744 2545 2740 2634 2682 252 839 1346
 1312 1296 1005 336 317 1266 1270 714 607 1241 1245 932 0 103 1152 677 594 662 814 1004 1179 1177 1013 828 685 696 839 1027 1195 1228 1159 1179 1014 440 472 843 780 742 778 1371 1075 1012 1103 1204 1350 1150 1256 1444 1468 1425 1315 1202 1268 1340 1489 1527 1413 1313 1675 1362 1395 1591 1579 1884 1677 1708 2050 2069 1937 1850 2184 2062 1997 1933 1980 2012 2097 2208 2124 2038 1987 2229 2240 2215 2336 2250 2074 2114 2263 2257 2598 2678 2536 2390 2419 2743 2772 2795 2559 2566 2866 2911 1110 1270 1611
 1259 1242 954 368 337 1207 1210 660 556 1177 1180 866 103 0 1085 607 523 591 743 934 1110 1107 943 756 612 623 767 956 1124 1156 1086 1106 941 410 433 771 710 709 741 1298 1008 949 1038 1136 1279 1086 1188 1373 1396 1355 1249 1139 1206 1275 1420 1458 1348 1252 1606 1328 1359 1534 1524 1823 1643 1672 1987 2006 1882 1799 2120 2002 1940 1880 1927 1956 2037 2145 2065 1982 1935 2166 2178 2154 2274 2192 2039 2079 2212 2208 2537 2618 2481 2355 2384 2684 2713 2746 2512 2531 2808 2853 1041 1198 1546
 503 467 473 1196 1133 351 332 566 648 210 189 247 1152 1085 0 495 613 526 371 217 142 165 246 390 547 558 407 276 209 375 303 329 421 1202 1149 677 767 1324 1290 782 932 987 990 923 868 1040 985 981 906 981 1055 1095 1163 1089 1061 1115 1170 1210 1217 1729 1713 1479 1542 1609 1979 1968 1691 1706 1833 1810 1799 1777 1815 1846 1893 1833 1815 1837 1846 1861 1901 1862 1886 1894 1985 2015 2313 2320 2169 2214 2247 2331 2323 2595 2594 2409 2441 2705 2515 2754 2547 2595 143 802 1292
 785 758 535 779 714 687 681 329 330 616 611 303 677 607 495 0 131 71 153 340 516 513 351 177 120 152 200 369 532 573 509 533 401 735 690 418 447 906 887 839 738 744 793 807 867 851 873 976 962 972 945 913 988 983 1049 1100 1066 1041 1237 1408 1409 1340 1370 1556 1694 1698 1685 1703 1708 1658 1808 1738 1727 1716 1765 1746 1776 1842 1806 1774 1774 1866 1885 1877 1985 1960 2065 2085 2056 2079 2256 2339 2268 2367 2379 2413 2444 2599 2389 2537 2547 2595 447 762 1241
 883 859 616 716 652 794 790 369 338 731 727 415 594 523 613 131 0 113 260 451 627 624 459 276 150 176 291 474 641 676 609 632 483 651 611 433 438 840 827 902 748 740 799 834 917 857 898 1023 1019 1016 969 919 994 1005 1091 1140 1087 1046 1281 1367 1373 1346 1370 1580 1661 1669 1717 1736 1714 1658 1843 1762 1741 1720 1769 1760 1800 1876 1830 1787 1778 1899 1917 1905 2016 1980 2038 2061 2061 2080 2287 2369 2285 2344 2359 2443 2473 2604 2390 2516 2575 2622 560 814 1270
 838 811 593 788 725 736 729 382 375 658 651 350 662 591 526 71 113 0 166 359 536 529 363 175 61 94 189 375 544 575 508 529 381 690 642 362 387 850 829 806 682 685 737 757 826 795 822 934 925 929 894 857 932 931 1005 1055 1014 985 1194 1347 1348 1284 1313 1505 1633 1638 1637 1655 1652 1600 1761 1687 1673 1660 1709 1692 1725 1795 1756 1720 1718 1819 1837 1828 1937 1908 2004 2024 2000 2022 2208 2291 2215 2307 2319 2365 2396 2543 2332 2477 2498 2545 471 722 1192
 733 702 531 918 853 613 603 404 436 518 507 234 814 743 371 153 260 166 0 199 376 370 205 50 182 194 85 221 386 425 362 387 273 836 784 384 447 971 943 725 693 719 752 738 767 808 805 879 851 877 878 869 943 916 956 1009 1000 995 1140 1426 1420 1289 1330 1481 1698 1697 1599 1616 1655 1614 1718 1660 1664 1665 1714 1683 1699 1754 1730 1711 1723 1778 1799 1795 1899 1889 2057 2072 2002 2032 2169 2253 2198 2353 2360 2328 2360 2544 2341 2519 2464 2511 311 663 1162
 653 618 530 1089 1024 512 496 509 569 390 372 215 1004 934 217 340 451 359 199 0 202 197 67 205 370 376 217 106 218 287 231 261 255 1019 964 488 575 1132 1098 679 759 806 818 768 747 871 833 861 807 861 905 928 999 941 942 996 1024 1048 1113 1543 1529 1328 1383 1485 1799 1791 1583 1599 1689 1659 1697 1659 1682 1700 1749 1700 1698 1734 1729 1728 1757 1759 1781 1784 1882 1893 2141 2150 2030 2070 2149 2232 2203 2428 2430 2310 2342 2570 2374 2590 2447 2495 141 659 1165
 613 576 581 1251 1187 458 438 641 714 311 286 319 1179 1110 142 516 627 536 376 202 0 57 208 378 544 548 386 225 101 281 200 223 347 1189 1132 619 718 1287 1248 676 851 912 908 830 765 955 891 877 798 876 959 1008 1074 993 957 1010 1073 1120 1110 1660 1641 1383 1449 1504 1901 1887 1584 1598 1734 1713 1691 1671 1712 1747 1794 1730 1709 1729 1740 1758 1802 1754 1778 1786 1877 1909 2228 2232 2067 2115 2139 2223 2217 2505 2503 2301 2333 2603 2414 2662 2439 2487 129 707 1189
 637 600 603 1256 1192 481 462 653 724 334 309 332 1177 1107 165 513 624 529 370 197 57 0 199 371 538 540 376 210 65 250 165 187 322 1178 1120 597 697 1268 1229 640 821 884 878 798 729 925 858 842 762 841 926 976 1042 959 921 974 1039 1087 1074 1633 1613 1349 1416 1469 1871 1857 1548 1562 1699 1679 1655 1635 1677 1712 1759 1695 1674 1693 1704 1722 1767 1718 1742 1750 1841 1874 2196 2200 2032 2080 2103 2187 2182 2472 2470 2265 2297 2567 2379 2629 2403 2451 140 673 1154
 692 658 571 1109 1044 550 534 541 597 423 404 255 1013 943 246 351 459 363 205 67 208 199 0 202 369 371 207 69 211 260 203 233 219 1011 954 461 552 1114 1078 643 726 775 785 732 710 837 797 824 771 824 868 894 964 905 905 959 988 1013 1076 1514 1499 1292 1348 1448 1768 1759 1546 1563 1652 1623 1660 1622 1645 1664 1712 1663 1661 1698 1692 1691 1721 1722 1745 1747 1845 1856 2108 2117 1994 2033 2112 2196 2166 2394 2396 2273 2305 2533 2338 2555 2410 2458 162 623 1128
 769 738 574 943 879 646 635 445 474 545 533 272 828 756 390 177 276 175 50 205 378 371 202 0 182 186 50 214 385 415 348 372 244 829 775 352 419 953 923 693 659 686 717 703 734 774 770 845 819 843 843 835 909 881 922 975 965 961 1106 1398 1390 1254 1296 1446 1668 1666 1564 1582 1620 1579 1684 1626 1629 1630 1679 1648 1664 1720 1695 1676 1688 1744 1764 1760 1865 1854 2025 2039 1967 1998 2135 2218 2163 2320 2327 2294 2325 2509 2306 2486 2430 2477 322 630 1128
 878 850 639 824 761 771 763 433 425 688 679 385 685 612 547 120 150 61 182 370 544 538 369 182 0 63 185 377 549 574 503 523 366 684 633 331 357 832 809 782 651 654 706 726 800 764 792 907 900 901 864 826 901 901 977 1026 984 954 1166 1321 1321 1253 1282 1475 1605 1609 1608 1626 1621 1569 1732 1657 1642 1629 1678 1661 1695 1766 1726 1689 1687 1790 1808 1798 1908 1878 1975 1995 1969 1991 2178 2261 2184 2277 2289 2335 2366 2512 2301 2447 2468 2515 483 696 1162
 903 874 669 846 783 792 784 466 458 705 695 407 696 623 558 152 176 94 194 376 548 540 371 186 63 0 182 376 549 569 496 514 350 674 621 300 326 812 787 757 619 623 674 695 772 732 761 878 873 872 832 794 869 869 947 997 952 922 1137 1293 1292 1221 1250 1443 1576 1579 1577 1595 1589 1538 1702 1626 1610 1597 1646 1629 1664 1735 1694 1657 1655 1759 1777 1767 1877 1846 1945 1964 1937 1959 2147 2230 2153 2247 2258 2304 2335 2480 2269 2416 2437 2484 490 669 1132
 799 767 608 964 900 673 661 479 505 568 554 303 839 767 407 200 291 189 85 217 386 376 207 50 185 182 0 214 387 409 339 360 221 823 767 325 395 938 906 667 630 658 688 673 705 745 740 816 792 814 813 805 879 851 893 945 935 931 1078 1374 1365 1224 1266 1416 1642 1639 1535 1552 1590 1550 1655 1596 1599 1600 1649 1618 1635 1691 1665 1646 1658 1715 1735 1731 1836 1824 1998 2012 1937 1968 2106 2189 2133 2292 2299 2265 2296 2480 2276 2458 2400 2448 334 601 1098
 729 694 610 1131 1066 585 569 574 627 456 436 293 1027 956 276 369 474 375 221 106 225 210 69 214 377 376 214 0 214 245 186 214 192 1008 950 443 537 1103 1066 615 701 753 760 705 682 812 770 796 744 796 841 868 938 878 877 931 960 987 1048 1494 1478 1265 1321 1420 1745 1735 1519 1535 1625 1596 1632 1594 1617 1637 1685 1636 1633 1670 1664 1663 1693 1695 1717 1719 1817 1828 2084 2092 1966 2006 2084 2168 2138 2369 2370 2245 2277 2506 2310 2530 2382 2430 188 595 1100
 680 644 644 1281 1217 525 505 686 754 377 352 367 1195 1124 209 532 641 544 386 218 101 65 211 385 549 549 387 214 0 236 143 164 310 1180 1121 588 690 1263 1222 616 804 869 861 777 706 906 837 819 738 817 904 957 1023 937 897 951 1017 1067 1050 1618 1597 1327 1395 1445 1854 1839 1524 1538 1677 1658 1631 1611 1654 1690 1737 1672 1650 1669 1681 1699 1744 1694 1718 1726 1817 1850 2177 2180 2009 2057 2079 2163 2158 2452 2449 2241 2273 2544 2356 2608 2379 2427 170 652 1130
 850 814 775 1336 1271 698 679 771 828 555 531 471 1228 1156 375 573 676 575 425 287 281 250 260 415 574 569 409 245 236 0 144 174 275 1158 1097 553 656 1231 1189 614 771 834 827 750 695 874 812 808 740 808 880 927 993 914 889 942 995 1039 1050 1583 1562 1304 1369 1436 1821 1807 1524 1539 1658 1635 1634 1605 1640 1671 1718 1659 1644 1671 1675 1686 1726 1696 1720 1726 1819 1843 2146 2151 1994 2039 2084 2168 2152 2424 2422 2246 2278 2531 2340 2582 2383 2431 270 628 1119
 779 742 717 1274 1209 624 605 715 771 478 453 415 1159 1086 303 509 609 508 362 231 200 165 203 348 503 496 339 186 143 144 0 43 210 1109 1046 485 592 1168 1123 492 679 748 734 647 578 779 707 691 617 690 774 829 893 807 770 824 886 937 928 1498 1474 1196 1264 1318 1728 1712 1402 1417 1547 1527 1510 1486 1525 1560 1607 1544 1525 1548 1556 1571 1614 1573 1597 1604 1696 1724 2048 2050 1880 1927 1960 2044 2033 2322 2318 2122 2154 2416 2227 2478 2260 2308 244 522 1002
 803 766 747 1299 1235 648 628 745 800 501 475 446 1179 1106 329 533 632 529 387 261 223 187 233 372 523 514 360 214 164 174 43 0 217 1121 1056 486 595 1170 1123 458 664 736 718 625 547 761 683 659 582 658 749 809 872 781 738 791 859 915 893 1485 1460 1170 1240 1286 1711 1694 1367 1382 1518 1500 1475 1453 1494 1531 1578 1513 1491 1513 1522 1540 1586 1538 1562 1569 1661 1691 2026 2028 1850 1899 1924 2008 1999 2298 2294 2086 2118 2385 2197 2453 2224 2272 275 499 971
 881 846 750 1159 1096 736 719 669 703 604 583 430 1014 941 421 401 483 381 273 255 347 322 219 244 366 350 221 192 310 275 210 217 0 933 869 308 413 989 945 483 540 596 599 543 535 650 608 648 610 647 680 706 775 717 728 782 800 824 906 1342 1324 1103 1158 1266 1587 1576 1372 1388 1464 1434 1488 1442 1459 1476 1524 1478 1481 1525 1512 1506 1532 1550 1571 1571 1671 1675 1922 1930 1806 1845 1940 2024 1985 2206 2207 2101 2132 2347 2150 2367 2237 2285 337 439 946
 1490 1467 1205 738 714 1405 1402 920 836 1338 1331 1025 440 410 1202 735 651 690 836 1019 1189 1178 1011 829 684 674 823 1008 1180 1158 1109 1121 933 0 92 668 578 327 366 1170 791 703 799 933 1115 834 971 1194 1238 1163 1018 875 932 1033 1215 1242 1096 969 1386 947 981 1224 1199 1536 1262 1293 1712 1730 1554 1459 1848 1707 1624 1547 1592 1638 1739 1866 1765 1662 1599 1885 1892 1862 1984 1878 1659 1700 1870 1857 2239 2318 2154 1975 2005 2378 2406 2396 2155 2151 2496 2540 1135 1076 1292
 1454 1429 1175 768 740 1364 1359 895 817 1291 1283 981 472 433 1149 690 611 642 784 964 1132 1120 954 775 633 621 767 950 1121 1097 1046 1056 869 92 0 599 508 301 328 1098 719 632 729 861 1043 764 900 1122 1166 1091 948 807 865 963 1143 1171 1027 903 1316 916 946 1163 1141 1471 1230 1259 1646 1665 1497 1405 1782 1644 1565 1491 1537 1579 1677 1801 1703 1604 1544 1820 1827 1799 1921 1819 1627 1666 1817 1808 2177 2256 2098 1943 1971 2318 2345 2346 2108 2118 2437 2481 1081 1005 1223
 1102 1069 908 1053 995 970 957 734 726 853 835 609 843 771 677 418 433 362 384 488 619 597 461 352 331 300 325 443 588 553 485 486 308 668 599 0 117 689 643 535 326 341 381 407 516 439 471 615 632 603 541 501 576 577 674 720 660 629 865 1061 1049 928 960 1152 1324 1320 1291 1309 1296 1247 1417 1335 1316 1304 1353 1335 1372 1450 1403 1363 1362 1473 1490 1478 1589 1553 1679 1693 1644 1668 1860 1942 1859 1974 1982 2015 2046 2187 1977 2141 2147 2194 597 434 843
 1173 1142 960 1008 954 1049 1036 758 736 939 923 675 780 710 767 447 438 387 447 575 718 697 552 419 357 326 395 537 690 656 592 595 413 578 508 117 0 596 553 624 340 323 387 452 591 444 510 684 711 666 576 505 579 608 732 773 687 631 921 1000 994 931 953 1178 1275 1276 1327 1346 1298 1241 1456 1361 1329 1304 1353 1348 1398 1486 1428 1375 1362 1509 1524 1508 1623 1572 1640 1659 1645 1663 1891 1974 1874 1941 1952 2045 2075 2187 1973 2111 2175 2221 686 525 879
 1678 1651 1416 1040 1015 1574 1565 1148 1079 1483 1471 1187 742 709 1324 906 840 850 971 1132 1287 1268 1114 953 832 812 938 1103 1263 1231 1168 1170 989 327 301 689 596 0 89 1101 677 569 658 815 1017 672 834 1081 1136 1034 864 695 736 863 1071 1085 912 759 1219 636 671 975 935 1301 951 983 1484 1501 1281 1176 1621 1461 1361 1269 1313 1373 1491 1632 1514 1395 1318 1648 1651 1616 1740 1614 1348 1389 1581 1563 1984 2062 1877 1664 1694 2117 2143 2102 1856 1840 2229 2272 1248 1032 1095
 1658 1630 1403 1075 1048 1549 1539 1143 1079 1453 1440 1163 778 741 1290 887 827 829 943 1098 1248 1229 1078 923 809 787 906 1066 1222 1189 1123 1123 945 366 328 643 553 89 0 1039 612 503 591 749 952 604 767 1014 1071 966 796 627 668 795 1003 1017 844 692 1151 610 639 912 875 1236 924 952 1419 1436 1224 1122 1556 1399 1301 1213 1258 1314 1428 1568 1452 1337 1263 1584 1588 1553 1677 1555 1320 1359 1530 1514 1923 2001 1822 1636 1664 2057 2084 2053 1811 1812 2171 2214 1211 973 1027
 1256 1219 1183 1565 1504 1100 1080 1122 1152 952 926 868 1371 1298 782 839 902 806 725 679 676 640 643 693 782 757 667 615 616 614 492 458 483 1170 1098 535 624 1101 1039 0 456 549 480 329 148 491 356 250 164 243 400 513 555 415 321 372 482 581 472 1227 1186 784 870 866 1400 1370 946 961 1115 1107 1056 1031 1079 1128 1173 1096 1069 1093 1100 1123 1180 1118 1142 1148 1241 1270 1672 1665 1437 1491 1507 1591 1577 1925 1914 1668 1700 1968 1784 2072 1806 1854 716 332 556
 1387 1353 1218 1321 1268 1246 1229 1054 1044 1115 1093 908 1075 1008 932 738 748 682 693 759 851 821 726 659 651 619 630 701 804 771 679 664 540 791 719 326 340 677 612 456 0 121 87 171 368 143 210 436 488 400 268 204 279 297 452 483 375 331 631 851 824 630 665 865 1078 1064 1016 1035 998 950 1146 1048 1021 1006 1055 1039 1085 1175 1115 1067 1064 1197 1212 1195 1310 1260 1410 1419 1346 1370 1579 1661 1565 1697 1700 1732 1762 1889 1680 1860 1862 1908 848 423 569
 1430 1397 1243 1271 1222 1294 1278 1058 1038 1168 1148 942 1012 949 987 744 740 685 719 806 912 884 775 686 654 623 658 753 869 834 748 736 596 703 632 341 323 569 503 549 121 0 109 259 462 150 284 525 580 482 328 205 276 345 528 552 414 326 696 762 741 624 643 889 1005 997 1051 1070 989 931 1184 1070 1026 995 1044 1044 1106 1209 1135 1071 1052 1230 1242 1221 1340 1272 1352 1366 1335 1353 1605 1686 1572 1646 1654 1755 1784 1878 1663 1813 1882 1928 905 513 612
 1446 1412 1277 1356 1305 1305 1288 1109 1096 1173 1152 968 1103 1038 990 793 799 737 752 818 908 878 785 717 706 674 688 760 861 827 734 718 599 799 729 381 387 658 591 480 87 109 0 176 382 73 192 438 496 391 234 135 210 253 434 457 325 263 602 789 759 562 594 809 1008 994 966 984 930 880 1097 991 957 938 987 976 1028 1124 1057 1003 996 1146 1159 1140 1257 1200 1338 1347 1278 1301 1524 1606 1502 1624 1628 1676 1706 1821 1610 1788 1805 1851 909 471 523
 1392 1357 1254 1440 1385 1244 1226 1120 1122 1105 1081 936 1204 1136 923 807 834 757 738 768 830 798 732 703 726 695 673 705 777 750 647 625 543 933 861 407 452 815 749 329 171 259 176 0 226 182 87 286 341 249 160 213 269 198 305 342 282 310 490 924 887 580 638 768 1118 1095 903 922 942 910 1030 950 946 953 1002 965 989 1062 1019 993 1010 1085 1102 1092 1202 1173 1421 1423 1287 1322 1472 1555 1482 1694 1692 1628 1659 1828 1628 1851 1762 1809 844 361 456
 1344 1307 1251 1563 1504 1190 1170 1164 1184 1043 1018 932 1350 1279 868 867 917 826 767 747 765 729 710 734 800 772 705 682 706 695 578 547 535 1115 1043 516 591 1017 952 148 368 462 382 226 0 380 238 135 144 135 274 395 432 287 216 270 354 454 393 1106 1063 659 744 762 1273 1242 858 875 996 984 974 933 968 1009 1055 986 972 1011 1003 1014 1062 1036 1057 1058 1157 1169 1545 1538 1324 1375 1426 1510 1479 1799 1790 1586 1618 1859 1671 1948 1723 1771 799 340 445
 1499 1465 1334 1407 1357 1356 1339 1167 1154 1223 1201 1023 1150 1086 1040 851 857 795 808 871 955 925 837 774 764 732 745 812 906 874 779 761 650 834 764 439 444 672 604 491 143 150 73 182 380 0 176 429 489 371 198 68 143 205 405 421 270 196 561 750 716 495 528 747 957 939 907 926 863 813 1039 929 891 871 920 909 965 1065 994 937 929 1086 1099 1079 1196 1135 1279 1286 1211 1234 1462 1544 1436 1563 1565 1613 1643 1754 1544 1725 1741 1787 960 507 468
 1456 1421 1321 1497 1443 1308 1289 1186 1188 1167 1143 1003 1256 1188 985 873 898 822 805 833 891 858 797 770 792 761 740 770 837 812 707 683 608 971 900 471 510 834 767 356 210 284 192 87 238 176 0 279 339 225 99 183 227 137 269 298 221 261 446 896 855 521 583 708 1077 1051 846 865 882 851 974 891 885 893 941 904 929 1005 959 932 950 1028 1045 1033 1144 1113 1371 1371 1226 1262 1414 1497 1421 1641 1637 1570 1601 1767 1568 1796 1703 1749 906 418 398
 1457 1421 1365 1663 1605 1303 1283 1275 1294 1155 1130 1046 1444 1373 981 976 1023 934 879 861 877 842 824 845 907 878 816 796 819 808 691 659 648 1194 1122 615 684 1081 1014 250 436 525 438 286 135 429 279 0 166 106 282 413 441 283 187 241 342 456 367 1115 1070 641 729 733 1270 1236 829 846 972 963 946 904 941 985 1031 959 943 983 974 986 1037 1007 1029 1029 1129 1140 1531 1523 1297 1349 1398 1481 1450 1781 1770 1558 1590 1831 1644 1928 1695 1742 896 433 417
 1377 1340 1312 1674 1615 1221 1201 1249 1276 1072 1046 996 1468 1396 906 962 1019 925 851 807 798 762 771 819 900 873 792 744 738 740 617 582 610 1238 1166 632 711 1136 1071 164 488 580 496 341 144 489 339 166 0 142 360 493 518 354 201 243 404 528 321 1191 1143 683 780 727 1334 1298 795 810 993 993 903 885 945 1006 1050 962 924 941 954 988 1056 966 990 998 1089 1125 1580 1568 1304 1363 1354 1437 1431 1820 1805 1515 1547 1831 1651 1961 1653 1701 848 443 429
 1456 1420 1365 1650 1592 1302 1282 1273 1290 1154 1129 1045 1425 1355 981 972 1016 929 877 861 876 841 824 843 901 872 814 796 817 808 690 658 647 1163 1091 603 666 1034 966 243 400 482 391 249 135 371 225 106 142 0 231 366 383 215 82 136 262 389 266 1052 1003 548 642 629 1193 1157 725 742 872 866 842 799 838 885 931 856 838 879 869 883 937 903 924 924 1025 1036 1443 1433 1195 1248 1294 1377 1345 1688 1676 1454 1485 1728 1542 1832 1590 1638 916 452 314
 1527 1491 1393 1560 1507 1377 1359 1259 1259 1236 1212 1075 1315 1249 1055 945 969 894 878 905 959 926 868 843 864 832 813 841 904 880 774 749 680 1018 948 541 576 864 796 400 268 328 234 160 274 198 99 282 360 231 0 178 202 81 250 267 165 224 411 877 833 467 534 654 1043 1014 795 813 827 798 923 836 829 838 886 848 874 954 904 876 895 976 992 979 1092 1057 1328 1325 1170 1207 1361 1444 1366 1593 1588 1516 1547 1712 1512 1747 1649 1696 973 483 347
 1556 1522 1394 1463 1414 1412 1395 1229 1216 1277 1255 1083 1202 1139 1095 913 919 857 869 928 1008 976 894 835 826 794 805 868 957 927 829 809 706 875 807 501 505 695 627 513 204 205 135 213 395 68 183 413 493 366 178 0 80 173 389 396 226 133 529 718 680 432 465 689 911 890 853 872 800 751 987 870 829 808 857 847 906 1011 935 875 866 1031 1043 1021 1140 1074 1224 1230 1148 1171 1405 1486 1375 1505 1507 1554 1584 1691 1481 1666 1682 1728 1016 552 421
 1627 1592 1468 1532 1484 1482 1464 1304 1291 1346 1323 1156 1268 1206 1163 988 994 932 943 999 1074 1042 964 909 901 869 879 938 1023 993 893 872 775 932 865 576 579 736 668 555 279 276 210 269 432 143 227 441 518 383 202 80 0 169 392 388 202 78 510 700 656 377 412 641 875 851 809 827 745 696 943 821 776 753 802 794 856 966 885 821 811 986 996 973 1092 1021 1179 1182 1093 1116 1356 1437 1321 1456 1456 1504 1534 1636 1426 1616 1631 1677 1081 609 386
 1562 1526 1431 1590 1538 1412 1393 1297 1296 1270 1246 1113 1340 1275 1089 983 1005 931 916 941 993 959 905 881 901 869 851 878 937 914 807 781 717 1033 963 577 608 863 795 415 297 345 253 198 287 205 137 283 354 215 81 173 169 0 224 224 85 175 358 838 790 391 462 575 988 956 720 739 748 721 850 758 749 760 808 768 796 879 826 796 816 901 917 902 1016 978 1261 1256 1091 1129 1285 1367 1286 1522 1515 1439 1470 1632 1433 1674 1571 1618 1016 526 273
 1537 1500 1446 1718 1662 1382 1362 1352 1367 1234 1209 1126 1489 1420 1061 1049 1091 1005 956 942 957 921 905 922 977 947 893 877 897 889 770 738 728 1215 1143 674 732 1071 1003 321 452 528 434 305 216 405 269 187 201 82 250 389 392 224 0 85 248 385 221 1046 995 512 611 578 1172 1133 674 691 827 824 792 748 789 840 885 807 787 829 818 834 891 853 874 873 974 985 1410 1398 1147 1202 1244 1327 1294 1650 1636 1404 1435 1678 1494 1792 1540 1587 991 526 266
 1590 1553 1500 1761 1705 1435 1415 1404 1418 1287 1262 1180 1527 1458 1115 1100 1140 1055 1009 996 1010 974 959 975 1026 997 945 931 951 942 824 791 782 1242 1171 720 773 1085 1017 372 483 552 457 342 270 421 298 241 243 136 267 396 388 224 85 0 233 374 163 1026 972 463 567 510 1136 1094 606 623 766 766 725 679 723 778 823 740 718 761 749 767 829 785 806 805 906 916 1360 1346 1081 1137 1176 1259 1225 1594 1578 1335 1367 1611 1428 1734 1472 1519 1048 581 201
 1644 1608 1515 1666 1614 1493 1475 1380 1379 1350 1326 1196 1413 1348 1170 1066 1087 1014 1000 1024 1073 1039 988 965 984 952 935 960 1017 995 886 859 800 1096 1027 660 687 912 844 482 375 414 325 282 354 270 221 342 404 262 165 226 202 85 248 233 0 177 344 834 782 346 425 528 966 931 677 696 700 676 808 711 700 712 760 719 748 836 779 747 768 858 872 856 971 929 1226 1220 1042 1081 1240 1322 1237 1482 1474 1393 1424 1583 1385 1633 1524 1571 1091 600 234
 1675 1640 1520 1580 1532 1530 1512 1357 1344 1392 1370 1207 1313 1252 1210 1041 1046 985 995 1048 1120 1087 1013 961 954 922 931 987 1067 1039 937 915 824 969 903 629 631 759 692 581 331 326 263 310 454 196 261 456 528 389 224 133 78 175 385 374 177 0 484 671 623 307 343 579 827 799 751 769 675 626 886 757 707 683 732 725 792 907 820 752 741 926 935 910 1031 954 1119 1120 1023 1046 1293 1373 1253 1393 1392 1440 1469 1566 1356 1551 1566 1611 1132 654 343
 1689 1652 1618 1908 1852 1532 1512 1537 1555 1383 1357 1300 1675 1606 1217 1237 1281 1194 1140 1113 1110 1074 1076 1106 1166 1137 1078 1048 1050 1050 928 893 906 1386 1316 865 921 1219 1151 472 631 696 602 490 393 561 446 367 321 266 411 529 510 358 221 163 344 484 0 1106 1046 482 599 424 1178 1129 477 492 724 741 587 570 649 734 774 663 608 624 638 688 777 649 672 679 772 811 1359 1337 1005 1074 1039 1122 1115 1569 1546 1200 1231 1524 1349 1698 1337 1385 1159 716 200
 2153 2121 1931 1660 1635 2025 2011 1695 1643 1907 1889 1654 1362 1328 1729 1408 1367 1347 1426 1543 1660 1633 1514 1398 1321 1293 1374 1494 1618 1583 1498 1485 1342 947 916 1061 1000 636 610 1227 851 762 789 924 1106 750 896 1115 1191 1052 877 718 700 838 1046 1026 834 671 1106 0 96 669 589 982 341 376 1164 1174 840 700 1295 1088 942 804 838 942 1106 1280 1120 956 836 1287 1276 1228 1348 1170 738 780 1057 1016 1549 1622 1381 1054 1084 1658 1680 1548 1287 1230 1751 1790 1644 1242 928
 2144 2112 1930 1693 1666 2014 2000 1701 1654 1893 1874 1648 1395 1359 1713 1409 1373 1348 1420 1529 1641 1613 1499 1390 1321 1292 1365 1478 1597 1562 1474 1460 1324 981 946 1049 994 671 639 1186 824 741 759 887 1063 716 855 1070 1143 1003 833 680 656 790 995 972 782 623 1046 96 0 602 521 912 316 339 1094 1104 770 631 1225 1017 871 735 769 872 1035 1209 1050 886 767 1217 1205 1157 1278 1101 708 746 993 956 1480 1553 1315 1023 1051 1590 1612 1489 1232 1199 1684 1724 1628 1211 867
 1951 1915 1810 1867 1821 1802 1783 1656 1644 1660 1636 1494 1591 1534 1479 1340 1346 1284 1289 1328 1383 1349 1292 1254 1253 1221 1224 1265 1327 1304 1196 1170 1103 1224 1163 928 931 975 912 784 630 624 562 580 659 495 521 641 683 548 467 432 377 391 512 463 346 307 482 669 602 0 129 340 704 654 528 543 376 339 664 494 413 384 433 430 524 668 549 457 442 683 684 649 773 666 905 893 724 752 1022 1101 958 1148 1138 1162 1190 1267 1060 1296 1283 1328 1404 914 307
 2010 1974 1855 1860 1818 1863 1845 1686 1668 1724 1700 1542 1579 1524 1542 1370 1370 1313 1330 1383 1449 1416 1348 1296 1282 1250 1266 1321 1395 1369 1264 1240 1158 1199 1141 960 953 935 875 870 665 643 594 638 744 528 583 729 780 642 534 465 412 462 611 567 425 343 599 589 521 129 0 439 618 570 626 638 397 328 760 574 466 397 445 479 600 757 622 503 454 769 766 726 850 720 842 835 736 750 1089 1166 997 1099 1094 1222 1249 1277 1060 1253 1337 1381 1459 974 416
 2084 2048 1986 2148 2099 1930 1910 1868 1870 1782 1756 1666 1884 1823 1609 1556 1580 1505 1481 1485 1504 1469 1448 1446 1475 1443 1416 1420 1445 1436 1318 1286 1266 1536 1471 1152 1178 1301 1236 866 865 889 809 768 762 747 708 733 727 629 654 689 641 575 578 510 528 579 424 982 912 340 439 0 946 883 228 243 374 409 364 223 267 375 408 280 261 372 291 305 406 390 397 372 492 450 1034 1002 622 692 756 837 760 1210 1181 907 937 1144 967 1328 1037 1084 1536 1058 335
 2420 2387 2213 1975 1950 2286 2271 1989 1943 2160 2140 1926 1677 1643 1979 1694 1661 1633 1698 1799 1901 1871 1768 1668 1605 1576 1642 1745 1854 1821 1728 1711 1587 1262 1230 1324 1275 951 924 1400 1078 1005 1008 1118 1273 957 1077 1270 1334 1193 1043 911 875 988 1172 1136 966 827 1178 341 316 704 618 946 0 108 1108 1110 736 576 1228 1000 835 675 696 824 1007 1192 1014 829 684 1192 1171 1117 1228 1022 437 481 844 785 1388 1456 1179 753 784 1476 1494 1299 1025 929 1552 1587 1892 1450 994
 2415 2381 2215 2006 1979 2278 2262 1998 1955 2150 2129 1923 1708 1672 1968 1698 1669 1638 1697 1791 1887 1857 1759 1666 1609 1579 1639 1735 1839 1807 1712 1694 1576 1293 1259 1320 1276 983 952 1370 1064 997 994 1095 1242 939 1051 1236 1298 1157 1014 890 851 956 1133 1094 931 799 1129 376 339 654 570 883 108 0 1041 1043 667 506 1161 931 765 605 624 753 938 1123 944 758 612 1122 1100 1046 1156 950 408 443 773 716 1315 1383 1108 721 748 1404 1422 1233 963 897 1480 1516 1881 1430 946
 2163 2126 2088 2307 2256 2006 1986 1992 2002 1857 1831 1769 2050 1987 1691 1685 1717 1637 1599 1583 1584 1548 1546 1564 1608 1577 1535 1519 1524 1524 1402 1367 1372 1712 1646 1291 1327 1484 1419 946 1016 1051 966 903 858 907 846 829 795 725 795 853 809 720 674 606 677 751 477 1164 1094 528 626 228 1108 1041 0 49 504 545 167 163 339 487 506 333 190 190 214 343 493 213 231 233 331 385 1146 1105 628 721 602 685 675 1282 1244 760 792 1112 953 1380 896 944 1627 1169 465
 2177 2140 2104 2326 2275 2020 2000 2010 2020 1870 1844 1786 2069 2006 1706 1703 1736 1655 1616 1599 1598 1562 1563 1582 1626 1595 1552 1535 1538 1539 1417 1382 1388 1730 1665 1309 1346 1501 1436 961 1035 1070 984 922 875 926 865 846 810 742 813 872 827 739 691 623 696 769 492 1174 1104 543 638 243 1110 1043 49 0 509 550 126 150 338 488 504 327 170 145 191 334 489 168 187 194 288 357 1142 1100 608 704 558 641 640 1270 1230 717 748 1083 927 1364 853 901 1648 1192 489
 2308 2272 2176 2218 2175 2156 2138 2024 2011 2012 1988 1858 1937 1882 1833 1708 1714 1652 1655 1689 1734 1699 1652 1620 1621 1589 1590 1625 1677 1658 1547 1518 1464 1554 1497 1296 1298 1281 1224 1115 998 989 930 942 996 863 882 972 993 872 827 800 745 748 827 766 700 675 724 840 770 376 397 374 736 667 504 509 0 151 604 374 213 122 169 212 384 567 394 228 178 569 551 500 618 448 770 738 458 491 826 901 710 955 932 949 974 1001 796 1084 1057 1100 1741 1250 567
 2282 2247 2138 2136 2096 2133 2114 1973 1956 1991 1967 1823 1850 1799 1810 1658 1658 1600 1614 1659 1713 1679 1623 1579 1569 1538 1550 1596 1658 1635 1527 1500 1434 1459 1405 1247 1241 1176 1122 1107 950 931 880 910 984 813 851 963 993 866 798 751 696 721 824 766 676 626 741 700 631 339 328 409 576 506 545 550 151 0 665 433 267 112 147 258 439 624 447 267 150 625 604 551 666 478 635 606 421 430 857 930 710 838 820 970 993 959 740 975 1070 1112 1735 1245 590
 2268 2231 2202 2439 2387 2111 2091 2113 2125 1961 1935 1884 2184 2120 1799 1808 1843 1761 1718 1697 1691 1655 1660 1684 1732 1702 1655 1632 1631 1634 1510 1475 1488 1848 1782 1417 1456 1621 1556 1056 1146 1184 1097 1030 974 1039 974 946 903 842 923 987 943 850 792 725 808 886 587 1295 1225 664 760 364 1228 1161 167 126 604 665 0 234 427 578 592 413 246 158 259 417 576 183 207 232 306 412 1228 1184 674 774 572 655 679 1346 1304 733 764 1135 984 1434 870 918 1719 1270 576
 2251 2214 2161 2329 2280 2095 2075 2049 2053 1946 1921 1841 2062 2002 1777 1738 1762 1687 1660 1659 1671 1635 1622 1626 1657 1626 1596 1594 1611 1605 1486 1453 1442 1707 1644 1335 1361 1461 1399 1031 1048 1070 991 950 933 929 891 904 885 799 836 870 821 758 748 679 711 757 570 1088 1017 494 574 223 1000 931 163 150 374 433 234 0 212 364 376 196 57 211 88 202 359 217 210 172 296 258 1011 968 484 576 553 634 564 1138 1099 702 732 979 815 1234 831 878 1711 1239 518
 2291 2255 2177 2272 2227 2137 2118 2042 2036 1991 1965 1858 1997 1940 1815 1727 1741 1673 1664 1682 1712 1677 1645 1629 1642 1610 1599 1617 1654 1640 1525 1494 1459 1624 1565 1316 1329 1361 1301 1079 1021 1026 957 946 968 891 885 941 945 838 829 829 776 749 789 723 700 707 649 942 871 413 466 267 835 765 339 338 213 267 427 212 0 192 206 59 212 397 221 87 194 397 378 327 446 294 846 806 398 465 665 741 585 995 962 796 822 930 745 1106 912 956 1740 1254 539
 2320 2284 2186 2217 2175 2169 2150 2032 2018 2025 2000 1869 1933 1880 1846 1716 1720 1660 1665 1700 1747 1712 1664 1630 1629 1597 1600 1637 1690 1671 1560 1531 1476 1547 1491 1304 1304 1269 1213 1128 1006 995 938 953 1009 871 893 985 1006 885 838 808 753 760 840 778 712 683 734 804 735 384 397 375 675 605 487 488 122 112 578 364 192 0 79 178 364 549 369 185 88 548 525 471 585 396 694 658 370 399 775 848 638 868 842 890 914 913 705 993 994 1035 1769 1278 595
 2368 2332 2235 2264 2222 2216 2198 2081 2067 2072 2048 1918 1980 1927 1893 1765 1769 1709 1714 1749 1794 1759 1712 1679 1678 1646 1649 1685 1737 1718 1607 1578 1524 1592 1537 1353 1353 1313 1258 1173 1055 1044 987 1002 1055 920 941 1031 1050 931 886 857 802 808 885 823 760 732 774 838 769 433 445 408 696 624 506 504 169 147 592 376 206 79 0 180 368 553 369 180 55 549 523 468 577 379 686 647 337 367 757 829 610 848 820 868 891 880 672 970 969 1010 1813 1322 635
 2309 2273 2196 2289 2244 2155 2136 2061 2055 2009 1983 1877 2012 1956 1833 1746 1760 1692 1683 1700 1730 1695 1663 1648 1661 1629 1618 1636 1672 1659 1544 1513 1478 1638 1579 1335 1348 1373 1314 1096 1039 1044 976 965 986 909 904 959 962 856 848 847 794 768 807 740 719 725 663 942 872 430 479 280 824 753 333 327 212 258 413 196 59 178 180 0 194 379 196 34 169 376 352 299 414 247 821 779 348 419 622 698 534 959 924 750 776 878 694 1065 864 908 1765 1278 563
 2290 2253 2200 2364 2316 2134 2114 2088 2091 1985 1959 1880 2097 2037 1815 1776 1800 1725 1699 1698 1709 1674 1661 1664 1695 1664 1635 1633 1650 1644 1525 1491 1481 1739 1677 1372 1398 1491 1428 1069 1085 1106 1028 989 972 965 929 943 924 838 874 906 856 796 787 718 748 792 608 1106 1035 524 600 261 1007 938 190 170 384 439 246 57 212 364 368 194 0 203 49 191 353 203 188 143 268 221 1002 957 456 551 518 599 526 1119 1078 666 695 944 782 1211 794 841 1750 1278 556
 2306 2269 2239 2466 2415 2149 2129 2149 2160 1999 1973 1921 2208 2145 1837 1842 1876 1795 1754 1734 1729 1693 1698 1720 1766 1735 1691 1670 1669 1671 1548 1513 1525 1866 1801 1450 1486 1632 1568 1093 1175 1209 1124 1062 1011 1065 1005 983 941 879 954 1011 966 879 829 761 836 907 624 1280 1209 668 757 372 1192 1123 190 145 567 624 158 211 397 549 553 379 203 0 199 370 533 63 88 128 186 321 1176 1130 591 697 453 536 567 1275 1230 613 645 1033 886 1354 750 798 1773 1323 623
 2321 2284 2231 2393 2344 2165 2145 2118 2121 2016 1990 1911 2124 2065 1846 1806 1830 1756 1730 1729 1740 1704 1692 1695 1726 1694 1665 1664 1681 1675 1556 1522 1512 1765 1703 1403 1428 1514 1452 1100 1115 1135 1057 1019 1003 994 959 974 954 869 904 935 885 826 818 749 779 820 638 1120 1050 549 622 291 1014 944 214 191 394 447 259 88 221 369 369 196 49 199 0 189 352 197 175 125 247 191 996 949 435 533 492 571 495 1105 1062 637 667 916 756 1193 765 811 1781 1309 587
 2337 2300 2224 2315 2270 2183 2163 2089 2083 2036 2011 1905 2038 1982 1861 1774 1787 1720 1711 1728 1758 1722 1691 1676 1689 1657 1646 1663 1699 1686 1571 1540 1506 1662 1604 1363 1375 1395 1337 1123 1067 1071 1003 993 1014 937 932 986 988 883 876 875 821 796 834 767 747 752 688 956 886 457 503 305 829 758 343 334 228 267 417 202 87 185 180 34 191 370 189 0 164 371 344 289 400 220 811 767 318 392 598 673 502 940 903 723 749 846 663 1043 835 879 1793 1307 591
 2376 2340 2244 2272 2230 2224 2205 2090 2076 2080 2055 1927 1987 1935 1901 1774 1778 1718 1723 1757 1802 1767 1721 1688 1687 1655 1658 1693 1744 1726 1614 1586 1532 1599 1544 1362 1362 1318 1263 1180 1064 1052 996 1010 1062 929 950 1037 1056 937 895 866 811 816 891 829 768 741 777 836 767 442 454 406 684 612 493 489 178 150 576 359 194 88 55 169 353 533 352 164 0 533 505 449 555 350 663 622 293 323 725 796 570 815 785 832 855 835 628 933 931 972 1829 1338 649
 2331 2294 2264 2488 2437 2174 2154 2173 2184 2024 1998 1946 2229 2166 1862 1866 1899 1819 1778 1759 1754 1718 1722 1744 1790 1759 1715 1695 1694 1696 1573 1538 1550 1885 1820 1473 1509 1648 1584 1118 1197 1230 1146 1085 1036 1086 1028 1007 966 903 976 1031 986 901 853 785 858 926 649 1287 1217 683 769 390 1192 1122 213 168 569 625 183 217 397 548 549 376 203 63 197 371 533 0 54 106 151 300 1168 1119 571 679 418 502 535 1259 1212 578 610 1005 860 1335 715 763 1800 1349 648
 2355 2318 2287 2501 2450 2198 2178 2192 2202 2048 2022 1968 2240 2178 1886 1885 1917 1837 1799 1781 1778 1742 1745 1764 1808 1777 1735 1717 1718 1720 1597 1562 1571 1892 1827 1490 1524 1651 1588 1142 1212 1242 1159 1102 1057 1099 1045 1029 990 924 992 1043 996 917 874 806 872 935 672 1276 1205 684 766 397 1171 1100 231 187 551 604 207 210 378 525 523 352 188 88 175 344 505 54 0 71 101 257 1137 1087 529 638 371 454 482 1219 1171 530 562 954 810 1291 666 714 1829 1375 669
 2365 2328 2288 2480 2430 2209 2189 2187 2193 2059 2033 1969 2215 2154 1894 1877 1905 1828 1795 1784 1786 1750 1747 1760 1798 1767 1731 1719 1726 1726 1604 1569 1571 1862 1799 1478 1508 1616 1553 1148 1195 1221 1140 1092 1058 1079 1033 1029 998 924 979 1021 973 902 873 805 856 910 679 1228 1157 649 726 372 1117 1046 233 194 500 551 232 172 327 471 468 299 143 128 125 289 449 106 71 0 137 207 1079 1030 478 585 396 478 461 1166 1119 550 580 919 771 1241 683 730 1833 1371 656
