107 5

 0 430 214 309 475 305 823 773 1011 929 967 986 1519 1574 1714 1720 1761 1725 2313 2352 2527 2517 2548 2528 3133 3138 3321 3324 3339 3329 4018 4042 4223 4221 4231 4229 4935 4936 5117 5138 5140 5278 5822 5777 6213 6023 5983 5972 6613 6638 6818 6828 6834 6825 10105 9577 9044 8571 8174 7871 7652 7538 7474 7853 8077 7672 7869 8063 8094 7717 7907 8110 7729 7824 8198 7861 8066 8233 7998 8390 8083 8266 8446 8284 8697 8340 8548 8723 8739 9009 8948 8913 9092 9101 9439 9206 9368 9560 9737 9907 9755 9861 10040 10134 10436 10258 10401
 430 0 472 670 239 316 728 884 938 940 1058 1150 1582 1533 1771 1822 1726 1736 2358 2329 2569 2591 2528 2539 3169 3124 3356 3383 3326 3340 4048 4034 4253 4270 4223 4240 4962 4931 5143 5181 5136 5289 5846 5775 6237 6060 5981 5983 6636 6637 6840 6863 6834 6836 9825 9280 8728 8236 7821 7504 7274 7152 7085 7464 7688 7283 7480 7674 7706 7330 7521 7723 7343 7443 7816 7482 7687 7853 7627 8017 7714 7897 8076 7925 8336 7985 8192 8365 8398 8663 8610 8574 8751 8778 9110 8887 9046 9236 9432 9596 9454 9556 9732 9846 10141 9973 10113
 214 472 0 228 429 224 658 574 834 737 768 793 1320 1383 1515 1523 1568 1528 2114 2156 2328 2319 2352 2330 2934 2941 3122 3125 3141 3130 3819 3844 4024 4022 4032 4030 4736 4737 4918 4940 4942 5080 5623 5579 6014 5824 5784 5773 6414 6439 6619 6630 6636 6627 9973 9454 8933 8475 8096 7810 7611 7516 7473 7856 8080 7671 7868 8062 8080 7701 7888 8091 7708 7789 8165 7821 8028 8195 7944 8338 8024 8209 8390 8212 8628 8264 8473 8650 8649 8922 8854 8822 9003 8996 9337 9097 9261 9456 9618 9793 9634 9742 9923 10006 10312 10127 10272
 309 670 228 0 637 432 807 617 957 823 802 775 1343 1462 1536 1518 1639 1575 2131 2211 2344 2319 2402 2364 2948 2983 3136 3127 3181 3157 3832 3879 4036 4026 4065 4053 4748 4767 4930 4944 4970 5100 5634 5605 6025 5829 5810 5791 6425 6463 6630 6635 6659 6644 10131 9621 9109 8660 8289 8010 7815 7723 7681 8064 8288 7879 8076 8270 8288 7909 8095 8298 7915 7994 8370 8026 8232 8400 8145 8540 8224 8409 8590 8407 8824 8457 8668 8845 8837 9112 9040 9009 9190 9175 9518 9274 9440 9635 9788 9967 9802 9912 10095 10168 10477 10287 10434
 475 239 429 637 0 233 527 713 737 746 877 986 1389 1332 1576 1634 1525 1537 2160 2128 2371 2396 2327 2339 2970 2923 3156 3185 3125 3139 3848 3833 4052 4071 4022 4039 4761 4730 4943 4981 4935 5089 5646 5574 6036 5860 5780 5782 6435 6436 6640 6663 6633 6636 9686 9151 8611 8134 7737 7438 7228 7127 7082 7465 7689 7280 7477 7671 7690 7311 7498 7701 7319 7404 7779 7438 7644 7811 7568 7961 7651 7834 8015 7848 8262 7903 8112 8287 8302 8571 8511 8476 8655 8667 9003 8772 8933 9125 9307 9476 9327 9431 9610 9711 10011 9837 9979
 305 316 224 432 233 0 562 615 762 715 800 873 1341 1344 1534 1568 1535 1521 2129 2134 2342 2351 2332 2328 2946 2926 3134 3150 3128 3130 3830 3835 4034 4043 4023 4032 4746 4731 4928 4958 4936 5082 5632 5574 6023 5840 5780 5776 6423 6436 6628 6645 6633 6630 9830 9303 8773 8306 7917 7626 7421 7323 7279 7662 7886 7477 7674 7868 7886 7508 7694 7898 7515 7598 7973 7631 7837 8005 7757 8151 7838 8023 8204 8031 8446 8085 8294 8469 8477 8748 8683 8650 8830 8832 9171 8935 9098 9291 9464 9635 9481 9588 9767 9859 10162 9983 10126
 823 728 658 807 527 562 0 429 230 293 491 669 916 825 1094 1178 1018 1036 1665 1621 1873 1910 1820 1835 2469 2416 2654 2689 2618 2633 3345 3326 3548 3571 3515 3533 4257 4223 4438 4478 4428 4582 5140 5067 5531 5356 5273 5275 5929 5929 6134 6158 6126 6129 9344 8835 8329 7892 7543 7292 7134 7085 7092 7489 7711 7290 7486 7680 7667 7284 7461 7665 7278 7326 7704 7346 7554 7724 7437 7836 7508 7695 7878 7669 8091 7714 7926 8105 8075 8354 8274 8245 8428 8398 8745 8495 8662 8859 9004 9184 9016 9128 9311 9381 9690 9500 9647
 773 884 574 617 713 615 429 0 461 265 224 305 776 879 971 986 1052 991 1570 1625 1784 1778 1819 1789 2390 2403 2578 2582 2603 2587 3275 3304 3480 3479 3492 3487 4192 4196 4374 4396 4400 4536 5079 5036 5470 5280 5242 5229 5870 5896 6075 6086 6093 6083 9623 9133 8649 8236 7907 7672 7528 7487 7499 7896 8118 7696 7893 8086 8071 7688 7864 8068 7680 7722 8101 7740 7949 8118 7822 8222 7889 8077 8262 8039 8464 8079 8293 8474 8425 8708 8619 8592 8778 8727 9078 8819 8988 9188 9310 9498 9318 9434 9620 9668 9985 9783 9933
 1011 938 834 957 737 762 230 461 0 217 429 627 749 631 917 1018 824 847 1478 1427 1685 1727 1626 1642 2278 2222 2463 2500 2424 2440 3152 3132 3356 3380 3321 3340 4063 4029 4245 4286 4234 4388 4947 4873 5337 5164 5079 5081 5736 5735 5940 5965 5932 5935 9221 8722 8231 7812 7482 7251 7115 7087 7115 7517 7738 7312 7508 7701 7675 7291 7465 7669 7280 7312 7692 7328 7536 7706 7402 7804 7468 7656 7841 7615 8040 7654 7869 8049 8000 8283 8195 8168 8353 8306 8656 8399 8568 8767 8896 9081 8906 9020 9205 9262 9576 9379 9528
 929 940 737 823 746 715 293 265 217 0 220 416 648 651 835 900 836 811 1424 1429 1636 1656 1626 1618 2239 2219 2426 2448 2420 2420 3121 3126 3326 3338 3315 3322 4036 4021 4218 4251 4226 4372 4923 4865 5313 5132 5070 5066 5713 5726 5918 5936 5923 5920 9363 8873 8391 7981 7659 7434 7302 7275 7302 7704 7925 7499 7695 7889 7863 7479 7653 7857 7468 7500 7879 7514 7723 7893 7587 7988 7651 7840 8025 7795 8220 7833 8047 8228 8173 8456 8366 8339 8525 8469 8822 8561 8731 8930 9050 9239 9058 9174 9361 9408 9725 9523 9673
 967 1058 768 802 877 800 491 224 429 220 0 219 572 705 767 788 868 793 1366 1429 1580 1575 1620 1586 2186 2202 2374 2379 2401 2384 3071 3102 3276 3276 3289 3284 3988 3993 4170 4192 4197 4332 4875 4833 5266 5076 5038 5025 5666 5693 5871 5882 5889 5879 9494 9015 8546 8150 7840 7625 7501 7481 7512 7914 8135 7709 7905 8098 8070 7686 7859 8063 7674 7701 8081 7714 7923 8093 7781 8183 7843 8032 8217 7979 8406 8014 8230 8412 8345 8631 8535 8510 8697 8629 8984 8718 8889 9090 9197 9390 9202 9321 9509 9544 9864 9656 9809
 986 1150 793 775 986 873 669 305 627 416 219 0 606 837 792 761 977 866 1379 1497 1591 1562 1681 1623 2194 2247 2381 2370 2442 2408 3076 3133 3281 3269 3318 3301 3992 4017 4173 4187 4220 4346 4878 4853 5268 5072 5057 5036 5668 5709 5873 5878 5905 5888 9651 9180 8721 8332 8030 7820 7699 7680 7710 8112 8333 7907 8103 8297 8269 7885 8058 8262 7873 7900 8280 7912 8121 8292 7977 8379 8038 8227 8413 8171 8598 8205 8421 8603 8530 8817 8719 8694 8882 8806 9163 8893 9065 9267 9366 9561 9369 9489 9678 9704 10028 9815 9969
 1519 1582 1320 1343 1389 1341 916 776 749 648 572 606 0 426 218 295 466 300 817 916 1031 1033 1098 1044 1637 1666 1825 1833 1862 1838 2522 2558 2727 2728 2745 2736 3439 3447 3621 3644 3651 3784 4326 4286 4717 4528 4491 4477 5117 5145 5322 5333 5342 5330 9165 8719 8294 7947 7694 7533 7467 7502 7588 8002 8219 7783 7977 8169 8107 7721 7882 8086 7694 7683 8064 7681 7891 8062 7705 8111 7754 7945 8132 7849 8282 7871 8090 8275 8159 8453 8337 8316 8507 8392 8757 8470 8647 8853 8916 9122 8912 9038 9232 9229 9560 9333 9491
 1574 1533 1383 1462 1332 1344 825 879 631 651 705 837 426 0 467 647 221 302 913 824 1110 1182 1023 1046 1688 1619 1870 1921 1821 1840 2555 2529 2758 2788 2718 2738 3464 3426 3645 3690 3631 3786 4346 4270 4736 4565 4476 4479 5134 5132 5339 5365 5329 5332 8845 8381 7937 7574 7308 7139 7069 7105 7196 7612 7828 7391 7585 7776 7711 7325 7486 7689 7297 7285 7666 7283 7493 7664 7310 7715 7359 7550 7738 7460 7892 7485 7703 7887 7781 8074 7963 7941 8131 8030 8392 8112 8287 8491 8572 8772 8572 8694 8886 8901 9227 9009 9164
 1714 1771 1515 1536 1576 1534 1094 971 917 835 767 792 218 467 0 210 416 215 614 740 828 835 912 846 1434 1470 1622 1631 1665 1636 2319 2358 2524 2525 2544 2533 3236 3245 3418 3441 3449 3581 4123 4084 4514 4325 4289 4274 4914 4943 5119 5130 5139 5127 9048 8614 8206 7878 7646 7506 7462 7516 7622 8040 8255 7816 8010 8200 8126 7740 7897 8100 7708 7682 8063 7676 7886 8057 7684 8091 7727 7919 8107 7808 8242 7825 8045 8231 8096 8393 8270 8250 8443 8310 8678 8384 8562 8770 8817 9027 8809 8938 9134 9116 9452 9218 9378
 1720 1822 1523 1518 1634 1568 1178 986 1018 900 788 761 295 647 210 0 612 411 642 863 848 807 1014 912 1444 1533 1630 1615 1720 1669 2323 2396 2527 2514 2579 2553 3238 3272 3419 3432 3474 3595 4123 4105 4514 4317 4309 4284 4914 4959 5118 5123 5155 5135 9210 8784 8384 8064 7838 7701 7658 7711 7814 8231 8447 8009 8202 8393 8321 7935 8092 8295 7903 7878 8259 7872 8082 8253 7879 8286 7922 8114 8302 8000 8435 8017 8237 8423 8284 8581 8456 8437 8630 8491 8860 8563 8742 8951 8990 9202 8980 9111 9307 9281 9619 9381 9542
 1761 1726 1568 1639 1525 1535 1018 1052 824 836 868 977 466 221 416 612 0 215 735 619 922 1011 818 846 1490 1414 1671 1727 1616 1636 2353 2324 2555 2588 2513 2533 3260 3221 3441 3488 3426 3581 4142 4065 4532 4362 4271 4274 4930 4927 5134 5162 5124 5127 8721 8270 7844 7500 7256 7109 7062 7118 7230 7650 7864 7424 7617 7807 7730 7343 7499 7702 7310 7282 7663 7276 7486 7657 7285 7692 7330 7521 7709 7414 7849 7434 7653 7839 7714 8009 7890 7870 8062 7942 8308 8020 8197 8403 8467 8671 8463 8589 8782 8782 9112 8888 9045
 1725 1736 1528 1575 1537 1521 1036 991 847 811 793 866 300 302 215 411 215 0 646 651 852 905 842 822 1448 1428 1634 1668 1628 1624 2327 2332 2531 2549 2520 2526 3242 3227 3423 3459 3431 3576 4127 4069 4518 4339 4275 4270 4918 4931 5122 5142 5127 5124 8884 8442 8024 7688 7451 7308 7262 7317 7426 7845 8059 7620 7813 8004 7928 7542 7698 7901 7509 7482 7863 7476 7686 7857 7485 7891 7528 7720 7908 7611 8045 7629 7849 8035 7904 8201 8080 8060 8252 8126 8493 8202 8379 8586 8641 8849 8635 8763 8957 8948 9281 9052 9211
 2313 2358 2114 2131 2160 2129 1665 1570 1478 1424 1366 1379 817 913 614 642 735 646 0 418 227 292 464 303 833 907 1021 1037 1092 1042 1718 1769 1923 1927 1953 1935 2635 2650 2817 2842 2853 2982 3522 3487 3913 3725 3691 3674 4313 4344 4518 4530 4540 4527 8722 8330 7974 7707 7542 7465 7485 7599 7762 8191 8399 7953 8143 8330 8221 7836 7979 8180 7789 7720 8099 7698 7907 8078 7660 8068 7687 7880 8069 7721 8160 7724 7946 8134 7943 8247 8103 8087 8284 8096 8474 8158 8341 8554 8549 8773 8530 8668 8868 8806 9153 8898 9064
 2352 2329 2156 2211 2128 2134 1621 1625 1427 1429 1429 1497 916 824 740 863 619 651 418 0 477 645 220 306 930 816 1101 1187 1018 1045 1767 1726 1967 2012 1915 1938 2668 2623 2848 2901 2828 2985 3547 3467 3937 3771 3673 3677 4334 4329 4538 4568 4526 4530 8385 7976 7604 7323 7149 7068 7089 7209 7381 7812 8018 7571 7760 7947 7832 7447 7589 7790 7398 7326 7704 7302 7512 7682 7263 7671 7290 7483 7672 7327 7765 7330 7552 7741 7556 7859 7718 7702 7898 7722 8097 7786 7968 8180 8190 8409 8175 8310 8509 8463 8805 8559 8722
 2527 2569 2328 2344 2371 2342 1873 1784 1685 1636 1580 1591 1031 1110 828 848 922 852 227 477 0 219 426 230 642 743 830 851 918 856 1527 1584 1732 1737 1767 1745 2444 2462 2626 2651 2664 2791 3331 3297 3722 3534 3502 3483 4122 4154 4327 4339 4350 4336 8629 8252 7915 7669 7527 7472 7512 7646 7827 8260 8465 8017 8206 8392 8271 7887 8026 8226 7835 7753 8130 7725 7934 8104 7671 8079 7694 7887 8076 7712 8152 7709 7932 8121 7911 8217 8066 8051 8249 8043 8424 8100 8285 8499 8477 8705 8454 8594 8797 8719 9069 8807 8975
 2517 2591 2319 2319 2396 2351 1910 1778 1727 1656 1575 1562 1033 1182 835 807 1011 905 292 645 219 0 615 419 663 859 843 816 1013 915 1529 1636 1732 1715 1812 1769 2441 2491 2622 2633 2691 2803 3326 3316 3716 3518 3519 3490 4115 4167 4320 4324 4362 4339 8792 8422 8093 7853 7715 7661 7700 7831 8008 8439 8645 8198 8387 8573 8456 8071 8211 8411 8020 7940 8318 7913 8122 8292 7860 8268 7883 8076 8265 7900 8340 7897 8120 8309 8097 8403 8250 8236 8434 8223 8605 8279 8464 8679 8650 8880 8625 8767 8970 8885 9237 8971 9140
 2548 2528 2352 2402 2327 2332 1820 1819 1626 1626 1620 1681 1098 1023 912 1014 818 842 464 220 426 615 0 224 757 616 918 1021 818 850 1573 1526 1772 1822 1715 1739 2471 2423 2650 2706 2628 2785 3349 3267 3738 3574 3473 3477 4135 4129 4339 4370 4326 4330 8279 7885 7533 7274 7124 7066 7109 7249 7440 7874 8078 7629 7816 8002 7875 7492 7628 7828 7437 7350 7728 7322 7530 7700 7265 7673 7288 7481 7670 7307 7747 7306 7528 7717 7513 7818 7670 7655 7852 7656 8035 7717 7900 8113 8105 8329 8086 8224 8424 8363 8709 8455 8620
 2528 2539 2330 2364 2339 2328 1835 1789 1642 1618 1586 1623 1044 1046 846 912 846 822 303 306 230 419 224 0 670 650 850 917 844 828 1536 1541 1739 1768 1728 1730 2448 2433 2629 2670 2637 2780 3333 3275 3723 3547 3480 3474 4122 4135 4327 4349 4332 4328 8453 8067 7723 7470 7325 7268 7310 7446 7633 8066 8270 7821 8010 8196 8072 7688 7826 8026 7635 7550 7928 7522 7731 7901 7467 7875 7490 7683 7872 7509 7948 7506 7729 7918 7711 8017 7867 7852 8049 7849 8228 7907 8091 8305 8290 8516 8269 8407 8609 8539 8888 8629 8796
 3133 3169 2934 2948 2970 2946 2469 2390 2278 2239 2186 2194 1637 1688 1434 1444 1490 1448 833 930 642 663 757 670 0 426 234 313 475 318 931 1020 1136 1148 1195 1156 1848 1876 2030 2057 2077 2197 2735 2707 3126 2939 2910 2889 3526 3561 3731 3744 3757 3741 8350 8019 7742 7562 7491 7500 7604 7795 8029 8470 8666 8214 8398 8580 8427 8046 8171 8368 7980 7857 8230 7815 8021 8189 7714 8120 7721 7913 8102 7693 8134 7674 7898 8088 7822 8133 7962 7950 8150 7888 8276 7932 8120 8338 8262 8502 8227 8375 8582 8456 8817 8533 8707
 3138 3124 2941 2983 2923 2926 2416 2403 2222 2219 2202 2247 1666 1619 1470 1533 1414 1428 907 816 743 859 616 650 426 0 468 650 215 305 1002 923 1193 1269 1112 1143 1878 1820 2056 2123 2025 2184 2751 2664 3140 2981 2870 2876 3535 3526 3739 3774 3723 3728 7980 7635 7344 7154 7078 7088 7198 7398 7645 8087 8281 7828 8011 8192 8031 7652 7774 7970 7583 7453 7825 7408 7615 7783 7304 7709 7309 7502 7690 7280 7721 7261 7485 7675 7412 7722 7553 7541 7741 7487 7873 7532 7720 7938 7873 8110 7841 7987 8193 8081 8439 8162 8334
 3321 3356 3122 3136 3156 3134 2654 2578 2463 2426 2374 2381 1825 1870 1622 1630 1671 1634 1021 1101 830 843 918 850 234 468 0 223 420 228 723 834 928 943 1001 951 1640 1674 1822 1851 1873 1991 2527 2501 2918 2732 2705 2681 3318 3355 3523 3536 3550 3533 8255 7941 7685 7528 7481 7510 7635 7844 8096 8539 8732 8279 8461 8642 8478 8099 8219 8415 8028 7892 8263 7845 8051 8218 7730 8134 7731 7923 8111 7687 8128 7664 7888 8078 7793 8105 7928 7917 8118 7837 8227 7875 8065 8284 8190 8434 8150 8301 8509 8367 8732 8440 8615
 3324 3383 3125 3127 3185 3150 2689 2582 2500 2448 2379 2370 1833 1921 1631 1615 1727 1668 1037 1187 851 816 1021 917 313 650 223 0 618 426 749 947 947 920 1096 1012 1650 1731 1831 1838 1925 2021 2532 2539 2923 2723 2740 2702 3322 3383 3526 3529 3577 3548 8434 8127 7877 7724 7679 7707 7829 8033 8279 8721 8915 8462 8646 8827 8667 8287 8409 8605 8218 8085 8457 8039 8245 8412 7926 8331 7928 8120 8308 7885 8326 7862 8086 8276 7991 8302 8125 8114 8314 8031 8421 8068 8258 8478 8378 8624 8337 8488 8698 8549 8915 8620 8796
 3339 3326 3141 3181 3125 3128 2618 2603 2424 2420 2401 2442 1862 1821 1665 1720 1616 1628 1092 1018 918 1013 818 844 475 215 420 618 0 224 825 724 1008 1099 913 947 1685 1621 1861 1933 1826 1987 2554 2465 2943 2786 2671 2677 3338 3327 3541 3578 3524 3529 7890 7562 7293 7127 7077 7109 7241 7460 7724 8169 8359 7905 8087 8266 8094 7717 7834 8028 7643 7500 7869 7450 7655 7822 7329 7734 7330 7521 7709 7283 7724 7260 7484 7674 7391 7702 7527 7516 7716 7442 7831 7483 7672 7890 7806 8048 7770 7919 8126 7997 8359 8074 8248
 3329 3340 3130 3157 3139 3130 2633 2587 2440 2420 2384 2408 1838 1840 1636 1669 1636 1624 1042 1045 856 915 850 828 318 305 228 426 224 0 753 758 951 1008 940 932 1654 1639 1835 1885 1843 1982 2536 2479 2927 2756 2684 2676 3326 3339 3530 3555 3535 3530 8076 7755 7493 7331 7283 7314 7442 7656 7913 8358 8549 8096 8278 8457 8290 7912 8030 8225 7839 7700 8070 7651 7857 8024 7533 7938 7534 7726 7914 7489 7930 7466 7690 7880 7596 7908 7732 7720 7921 7643 8033 7683 7872 8091 8002 8245 7964 8113 8322 8186 8549 8261 8435
 4018 4048 3819 3832 3848 3830 3345 3275 3152 3121 3071 3076 2522 2555 2319 2323 2353 2327 1718 1767 1527 1529 1573 1536 931 1002 723 749 825 753 0 426 226 302 462 310 938 1007 1120 1156 1198 1296 1825 1812 2216 2032 2013 1982 2616 2659 2821 2836 2854 2833 7980 7728 7549 7474 7511 7615 7810 8081 8388 8838 9019 8564 8741 8915 8717 8345 8448 8639 8259 8080 8442 8016 8218 8381 7849 8248 7833 8023 8208 7735 8174 7693 7917 8106 7760 8073 7876 7866 8068 7722 8118 7743 7936 8158 7998 8256 7943 8102 8315 8113 8489 8172 8353
 4042 4034 3844 3879 3833 3835 3326 3304 3132 3126 3102 3133 2558 2529 2358 2396 2324 2332 1769 1726 1584 1636 1526 1541 1020 923 834 947 724 758 426 0 477 656 219 314 1026 927 1194 1294 1132 1300 1872 1771 2259 2115 1977 1986 2650 2633 2853 2896 2830 2837 7611 7347 7158 7078 7117 7227 7433 7716 8037 8490 8666 8212 8387 8559 8352 7983 8082 8271 7893 7704 8065 7638 7838 8001 7463 7861 7445 7634 7819 7342 7780 7299 7522 7711 7364 7677 7480 7470 7672 7329 7724 7351 7544 7766 7614 7869 7560 7718 7931 7740 8113 7801 7981
 4223 4253 4024 4036 4052 4034 3548 3480 3356 3326 3276 3281 2727 2758 2524 2527 2555 2531 1923 1967 1732 1732 1772 1739 1136 1193 928 947 1008 951 226 477 0 224 419 232 742 833 924 963 1016 1103 1629 1621 2020 1838 1822 1787 2420 2466 2625 2640 2660 2637 7916 7683 7527 7476 7537 7661 7876 8163 8484 8937 9113 8659 8834 9007 8798 8429 8528 8717 8339 8148 8507 8080 8280 8442 7899 8296 7878 8066 8251 7765 8202 7718 7941 8130 7766 8079 7878 7868 8070 7705 8102 7721 7915 8138 7959 8219 7898 8060 8275 8055 8434 8109 8292
 4221 4270 4022 4026 4071 4043 3571 3479 3380 3338 3276 3269 2728 2788 2525 2514 2588 2549 1927 2012 1737 1715 1822 1768 1148 1269 943 920 1099 1008 302 656 224 0 615 428 766 944 941 938 1109 1162 1637 1679 2027 1823 1873 1817 2424 2502 2628 2629 2694 2656 8101 7873 7721 7672 7731 7852 8062 8342 8657 9108 9287 8833 9009 9182 8978 8608 8709 8898 8520 8333 8693 8266 8467 8629 8089 8486 8069 8258 8443 7959 8397 7913 8136 8324 7962 8275 8074 8064 8266 7901 8297 7916 8110 8332 8151 8412 8089 8252 8466 8242 8622 8295 8478
 4231 4223 4032 4065 4022 4023 3515 3492 3321 3315 3289 3318 2745 2718 2544 2579 2513 2520 1953 1915 1767 1812 1715 1728 1195 1112 1001 1096 913 940 462 219 419 615 0 224 840 719 1000 1115 924 1095 1670 1563 2055 1916 1769 1779 2445 2425 2647 2693 2622 2629 7532 7287 7122 7068 7132 7264 7490 7790 8126 8580 8753 8299 8471 8642 8425 8059 8153 8340 7965 7764 8121 7692 7892 8053 7503 7899 7480 7668 7852 7361 7798 7313 7536 7724 7358 7671 7470 7460 7662 7299 7695 7316 7510 7732 7560 7819 7502 7662 7876 7666 8043 7724 7905
 4229 4240 4030 4053 4039 4032 3533 3487 3340 3322 3284 3301 2736 2738 2533 2553 2533 2526 1935 1938 1745 1769 1739 1730 1156 1143 951 1012 947 932 310 314 232 428 224 0 771 756 946 1027 954 1083 1642 1584 2032 1871 1789 1777 2429 2442 2633 2664 2638 2631 7729 7490 7329 7277 7339 7467 7687 7981 8310 8763 8937 8483 8657 8829 8616 8249 8345 8533 8157 7961 8319 7891 8091 8252 7706 8102 7684 7872 8056 7568 8005 7521 7743 7932 7567 7880 7679 7669 7871 7507 7904 7524 7717 7940 7764 8024 7705 7866 8080 7866 8243 7921 8103
 4935 4962 4736 4748 4761 4746 4257 4192 4063 4036 3988 3992 3439 3464 3236 3238 3260 3242 2635 2668 2444 2441 2471 2448 1848 1878 1640 1650 1685 1654 938 1026 742 766 840 771 0 435 232 332 487 472 937 968 1328 1153 1158 1102 1728 1787 1933 1951 1979 1948 7722 7557 7483 7516 7660 7855 8134 8475 8845 9302 9466 9013 9181 9347 9108 8749 8831 9014 8645 8415 8763 8332 8527 8683 8104 8492 8067 8251 8432 7903 8334 7839 8059 8245 7824 8135 7917 7907 8108 7682 8080 7679 7874 8098 7854 8124 7776 7945 8163 7882 8269 7920 8107
 4936 4931 4737 4767 4730 4731 4223 4196 4029 4021 3993 4017 3447 3426 3245 3272 3221 3227 2650 2623 2462 2491 2423 2433 1876 1820 1674 1731 1621 1639 1007 927 833 944 719 756 435 0 469 672 230 462 1011 869 1388 1277 1075 1092 1764 1731 1964 2023 1928 1938 7325 7152 7073 7108 7260 7465 7758 8114 8500 8958 9116 8665 8830 8994 8746 8389 8466 8647 8282 8041 8386 7954 8148 8303 7717 8102 7676 7860 8039 7505 7934 7438 7657 7843 7417 7727 7509 7498 7699 7272 7670 7269 7464 7688 7447 7717 7370 7539 7756 7482 7868 7522 7709
 5117 5143 4918 4930 4943 4928 4438 4374 4245 4218 4170 4173 3621 3645 3418 3419 3441 3423 2817 2848 2626 2622 2650 2629 2030 2056 1822 1831 1861 1835 1120 1194 924 941 1000 946 232 469 0 238 428 378 725 780 1116 944 962 895 1516 1581 1721 1740 1772 1737 7663 7519 7469 7526 7693 7906 8203 8558 8941 9400 9559 9107 9273 9438 9191 8834 8911 9092 8727 8486 8831 8399 8592 8747 8159 8544 8117 8300 8479 7940 8368 7870 8089 8274 7838 8147 7926 7915 8116 7672 8070 7665 7860 8084 7821 8094 7738 7909 8127 7829 8218 7862 8050
 5138 5181 4940 4944 4981 4958 4478 4396 4286 4251 4192 4187 3644 3690 3441 3432 3488 3459 2842 2901 2651 2633 2706 2670 2057 2123 1851 1838 1933 1885 1156 1294 963 938 1115 1027 332 672 238 0 640 590 765 913 1149 935 1075 973 1541 1656 1744 1741 1840 1784 7870 7729 7681 7736 7899 8107 8397 8746 9121 9579 9741 9288 9456 9621 9379 9020 9100 9282 8915 8680 9026 8594 8788 8944 8359 8745 8319 8502 8682 8145 8574 8077 8296 8482 8048 8358 8137 8126 8326 7884 8282 7877 8072 8296 8033 8305 7949 8120 8338 8038 8427 8069 8258
 5140 5136 4942 4970 4935 4936 4428 4400 4234 4226 4197 4220 3651 3631 3449 3474 3426 3431 2853 2828 2664 2691 2628 2637 2077 2025 1873 1925 1826 1843 1198 1132 1016 1109 924 954 487 230 428 640 0 383 836 672 1205 1109 878 900 1573 1534 1772 1836 1731 1742 7279 7127 7074 7134 7310 7535 7846 8216 8615 9075 9229 8778 8941 9103 8847 8493 8566 8745 8382 8131 8472 8040 8232 8385 7789 8172 7745 7926 8104 7558 7986 7487 7705 7889 7447 7756 7534 7523 7723 7277 7675 7270 7465 7689 7428 7700 7346 7517 7735 7442 7830 7477 7665
 5278 5289 5080 5100 5089 5082 4582 4536 4388 4372 4332 4346 3784 3786 3581 3595 3581 3576 2982 2985 2791 2803 2785 2780 2197 2184 1991 2021 1987 1982 1296 1300 1103 1162 1095 1083 472 462 378 590 383 0 858 802 1242 1112 1001 977 1634 1647 1837 1880 1842 1831 7573 7425 7374 7432 7604 7823 8126 8489 8880 9339 9496 9044 9209 9372 9121 8765 8841 9020 8656 8411 8754 8322 8514 8668 8076 8460 8033 8215 8394 7851 8279 7781 7999 8184 7745 8054 7833 7821 8022 7577 7975 7570 7765 7989 7727 7999 7645 7816 8033 7738 8127 7772 7960
 5822 5846 5623 5634 5646 5632 5140 5079 4947 4923 4875 4878 4326 4346 4123 4123 4142 4127 3522 3547 3331 3326 3349 3333 2735 2751 2527 2532 2554 2536 1825 1872 1629 1637 1670 1642 937 1011 725 765 836 858 0 423 419 308 453 275 819 926 1024 1051 1106 1048 7541 7470 7504 7644 7890 8167 8520 8923 9348 9809 9954 9506 9665 9823 9549 9203 9265 9440 9084 8810 9142 8710 8897 9045 8428 8801 8372 8549 8723 8148 8567 8063 8277 8458 7971 8274 8042 8028 8226 7725 8121 7699 7894 8117 7793 8071 7691 7868 8087 7728 8122 7744 7935
 5777 5775 5579 5605 5574 5574 5067 5036 4873 4865 4833 4853 4286 4270 4084 4105 4065 4069 3487 3467 3297 3316 3267 3275 2707 2664 2501 2539 2465 2479 1812 1771 1621 1679 1563 1584 968 869 780 913 672 802 423 0 685 671 221 302 953 877 1142 1236 1074 1092 7147 7067 7096 7238 7490 7777 8142 8557 8995 9457 9598 9151 9308 9463 9181 8838 8896 9068 8716 8433 8762 8330 8515 8662 8040 8410 7981 8157 8329 7750 8167 7662 7876 8056 7566 7868 7635 7621 7819 7317 7713 7292 7486 7709 7388 7666 7288 7464 7683 7331 7725 7349 7540
 6213 6237 6014 6025 6036 6023 5531 5470 5337 5313 5266 5268 4717 4736 4514 4514 4532 4518 3913 3937 3722 3716 3738 3723 3126 3140 2918 2923 2943 2927 2216 2259 2020 2027 2055 2032 1328 1388 1116 1149 1205 1242 419 685 0 353 556 358 746 880 951 983 1050 980 7644 7595 7653 7816 8083 8377 8745 9161 9596 10058 10200 9753 9910 10065 9785 9442 9500 9672 9320 9037 9365 8933 9118 9265 8640 9010 8580 8755 8927 8344 8760 8254 8467 8646 8147 8447 8212 8197 8394 7878 8272 7847 8041 8264 7922 8201 7816 7994 8213 7837 8232 7847 8039
 6023 6060 5824 5829 5860 5840 5356 5280 5164 5132 5076 5072 4528 4565 4325 4317 4362 4339 3725 3771 3534 3518 3574 3547 2939 2981 2732 2723 2786 2756 2032 2115 1838 1823 1916 1871 1153 1277 944 935 1109 1112 308 671 353 0 627 427 650 879 847 831 1028 922 7715 7667 7723 7882 8143 8430 8791 9199 9627 10088 10233 9785 9943 10100 9824 9479 9540 9714 9360 9082 9412 8980 9166 9314 8693 9064 8634 8810 8983 8403 8820 8315 8528 8708 8212 8513 8279 8264 8462 7948 8343 7918 8112 8334 7994 8273 7888 8066 8285 7908 8303 7918 8110
 5983 5981 5784 5810 5780 5780 5273 5242 5079 5070 5038 5057 4491 4476 4289 4309 4271 4275 3691 3673 3502 3519 3473 3480 2910 2870 2705 2740 2671 2684 2013 1977 1822 1873 1769 1789 1158 1075 962 1075 878 1001 453 221 556 627 0 224 781 681 962 1071 878 901 7125 7067 7122 7287 7562 7866 8247 8676 9124 9586 9723 9278 9432 9586 9297 8958 9011 9181 8832 8540 8865 8433 8617 8762 8131 8499 8069 8243 8413 7825 8239 7733 7945 8123 7619 7919 7684 7668 7865 7347 7741 7316 7510 7733 7393 7672 7288 7466 7685 7315 7709 7327 7519
 5972 5983 5773 5791 5782 5776 5275 5229 5081 5066 5025 5036 4477 4479 4274 4284 4274 4270 3674 3677 3483 3490 3477 3474 2889 2876 2681 2702 2677 2676 1982 1986 1787 1817 1779 1777 1102 1092 895 973 900 977 275 302 358 427 224 0 697 710 895 969 900 877 7322 7266 7319 7481 7749 8046 8418 8838 9279 9741 9881 9434 9591 9745 9461 9120 9176 9348 8997 8710 9037 8606 8790 8936 8310 8679 8249 8423 8595 8010 8426 7920 8132 8312 7811 8112 7877 7862 8059 7544 7938 7514 7708 7930 7592 7871 7487 7665 7884 7513 7907 7525 7717
 6613 6636 6414 6425 6435 6423 5929 5870 5736 5713 5666 5668 5117 5134 4914 4914 4930 4918 4313 4334 4122 4115 4135 4122 3526 3535 3318 3322 3338 3326 2616 2650 2420 2424 2445 2429 1728 1764 1516 1541 1573 1634 819 953 746 650 781 697 0 426 218 308 470 305 7471 7486 7615 7846 8174 8516 8927 9378 9843 10306 10436 9994 10145 10295 9994 9661 9707 9873 9531 9223 9539 9109 9288 9430 8785 9144 8714 8884 9050 8442 8848 8340 8548 8723 8186 8479 8238 8219 8413 7853 8242 7807 7999 8219 7828 8109 7706 7887 8106 7681 8077 7675 7868
 6638 6637 6439 6463 6436 6436 5929 5896 5735 5726 5693 5709 5145 5132 4943 4959 4927 4931 4344 4329 4154 4167 4129 4135 3561 3526 3355 3383 3327 3339 2659 2633 2466 2502 2425 2442 1787 1731 1581 1656 1534 1647 926 877 880 879 681 710 426 0 474 667 232 314 7080 7096 7232 7475 7819 8177 8605 9071 9552 10016 10139 9699 9847 9994 9683 9355 9395 9559 9221 8902 9213 8784 8960 9099 8448 8802 8373 8540 8705 8089 8492 7983 8190 8363 7818 8108 7866 7847 8039 7472 7860 7424 7615 7835 7440 7721 7316 7498 7716 7290 7686 7284 7477
 6818 6840 6619 6630 6640 6628 6134 6075 5940 5918 5871 5873 5322 5339 5119 5118 5134 5122 4518 4538 4327 4320 4339 4327 3731 3739 3523 3526 3541 3530 2821 2853 2625 2628 2647 2633 1933 1964 1721 1744 1772 1837 1024 1142 951 847 962 895 218 474 0 229 426 226 7472 7507 7660 7912 8260 8617 9042 9503 9978 10441 10567 10126 10275 10423 10117 9787 9829 9993 9654 9338 9651 9222 9399 9538 8888 9243 8813 8981 9146 8530 8933 8424 8630 8803 8256 8546 8303 8283 8475 7902 8289 7851 8041 8261 7855 8136 7727 7909 8127 7686 8082 7676 7869
 6828 6863 6630 6635 6663 6645 6158 6086 5965 5936 5882 5878 5333 5365 5130 5123 5162 5142 4530 4568 4339 4324 4370 4349 3744 3774 3536 3529 3578 3555 2836 2896 2640 2629 2693 2664 1951 2023 1740 1741 1836 1880 1051 1236 983 831 1071 969 308 667 229 0 632 432 7678 7712 7861 8107 8447 8797 9214 9667 10134 10597 10727 10284 10435 10585 10283 9950 9995 10161 9820 9509 9824 9395 9573 9714 9067 9424 8994 9163 9329 8717 9121 8612 8819 8993 8450 8741 8499 8479 8672 8102 8489 8052 8243 8463 8059 8340 7932 8114 8332 7892 8288 7882 8075
 6834 6834 6636 6659 6633 6633 6126 6093 5932 5923 5889 5905 5342 5329 5139 5155 5124 5127 4540 4526 4350 4362 4326 4332 3757 3723 3550 3577 3524 3535 2854 2830 2660 2694 2622 2638 1979 1928 1772 1840 1731 1842 1106 1074 1050 1028 878 900 470 232 426 632 0 230 7076 7114 7275 7540 7903 8277 8719 9196 9686 10149 10269 9831 9977 10121 9805 9480 9516 9677 9343 9016 9323 8896 9070 9207 8550 8900 8471 8636 8799 8176 8575 8066 8271 8442 7885 8173 7930 7908 8099 7518 7904 7465 7655 7874 7462 7743 7334 7516 7734 7290 7686 7280 7473
 6825 6836 6627 6644 6636 6630 6129 6083 5935 5920 5879 5888 5330 5332 5127 5135 5127 5124 4527 4530 4336 4339 4330 4328 3741 3728 3533 3548 3529 3530 2833 2837 2637 2656 2629 2631 1948 1938 1737 1784 1742 1831 1048 1092 980 922 901 877 305 314 226 432 230 0 7276 7313 7469 7728 8083 8449 8882 9350 9833 10296 10419 9980 10127 10273 9962 9635 9673 9837 9500 9178 9488 9060 9236 9374 8720 9073 8643 8810 8974 8355 8756 8247 8452 8624 8072 8361 8118 8097 8289 7712 8098 7660 7850 8069 7660 7941 7532 7715 7932 7490 7886 7480 7673
 10105 9825 9973 10131 9686 9830 9344 9623 9221 9363 9494 9651 9165 8845 9048 9210 8721 8884 8722 8385 8629 8792 8279 8453 8350 7980 8255 8434 7890 8076 7980 7611 7916 8101 7532 7729 7722 7325 7663 7870 7279 7573 7541 7147 7644 7715 7125 7322 7471 7080 7472 7678 7076 7276 0 816 1720 2623 3530 4317 5115 5882 6626 7009 6857 6627 6633 6642 6147 6088 5923 5944 5878 5336 5347 5132 5154 5145 4518 4561 4343 4350 4362 3739 3823 3518 3559 3578 2918 2887 2832 2645 2685 1931 2011 1727 1757 1837 1160 1228 861 954 1074 317 663 227 420
 9577 9280 9454 9621 9151 9303 8835 9133 8722 8873 9015 9180 8719 8381 8614 8784 8270 8442 8330 7976 8252 8422 7885 8067 8019 7635 7941 8127 7562 7755 7728 7347 7683 7873 7287 7490 7557 7152 7519 7729 7127 7425 7470 7067 7595 7667 7067 7266 7486 7096 7507 7712 7114 7313 816 0 915 1818 2725 3512 4310 5077 5821 6205 6055 5822 5829 5840 5346 5283 5120 5144 5073 4532 4548 4328 4352 4346 3714 3765 3539 3549 3567 2935 3031 2715 2761 2787 2115 2107 2031 1853 1909 1134 1266 932 990 1111 418 664 232 413 631 662 874 846 909
 9044 8728 8933 9109 8611 8773 8329 8649 8231 8391 8546 8721 8294 7937 8206 8384 7844 8024 7974 7604 7915 8093 7533 7723 7742 7344 7685 7877 7293 7493 7549 7158 7527 7721 7122 7329 7483 7073 7469 7681 7074 7374 7504 7096 7653 7723 7122 7319 7615 7232 7660 7861 7275 7469 1720 915 0 921 1828 2615 3413 4180 4924 5308 5164 4926 4935 4949 4456 4387 4227 4254 4177 3636 3661 3432 3460 3460 2819 2883 2644 2660 2687 2041 2161 1822 1878 1922 1227 1274 1144 997 1096 301 649 214 409 633 867 901 956 952 1072 1546 1644 1736 1764
 8571 8236 8475 8660 8134 8306 7892 8236 7812 7981 8150 8332 7947 7574 7878 8064 7500 7688 7707 7323 7669 7853 7274 7470 7562 7154 7528 7724 7127 7331 7474 7078 7476 7672 7068 7277 7516 7108 7526 7736 7134 7432 7644 7238 7816 7882 7287 7481 7846 7475 7912 8107 7540 7728 2623 1818 921 0 930 1717 2515 3282 4026 4411 4273 4028 4040 4059 3569 3490 3334 3368 3281 2740 2779 2536 2570 2580 1924 2014 1750 1778 1823 1152 1327 934 1021 1108 393 656 425 415 617 749 940 937 995 1116 1753 1681 1848 1810 1884 2443 2504 2634 2650
 8174 7821 8096 8289 7737 7917 7543 7907 7482 7659 7840 8030 7694 7308 7646 7838 7256 7451 7542 7149 7527 7715 7124 7325 7491 7078 7481 7679 7077 7283 7511 7117 7537 7731 7132 7339 7660 7260 7693 7899 7310 7604 7890 7490 8083 8143 7562 7749 8174 7819 8260 8447 7903 8083 3530 2725 1828 930 0 822 1620 2387 3131 3518 3390 3135 3151 3177 2691 2597 2448 2492 2388 1849 1916 1646 1693 1723 1038 1193 868 931 1026 321 712 218 442 632 844 950 1151 1004 1103 1638 1732 1832 1859 1937 2653 2546 2749 2700 2756 3346 3390 3537 3547
 7871 7504 7810 8010 7438 7626 7292 7672 7251 7434 7625 7820 7533 7139 7506 7701 7109 7308 7465 7068 7472 7661 7066 7268 7500 7088 7510 7707 7109 7314 7615 7227 7661 7852 7264 7467 7855 7465 7906 8107 7535 7823 8167 7777 8377 8430 7866 8046 8516 8177 8617 8797 8277 8449 4317 3512 2615 1717 822 0 811 1578 2322 2710 2597 2328 2351 2387 1911 1792 1655 1718 1583 1048 1176 849 929 1006 292 650 235 428 617 662 919 833 927 1023 1620 1635 1932 1757 1815 2425 2488 2619 2637 2699 3443 3319 3538 3484 3531 4135 4170 4327 4334
 7652 7274 7611 7815 7228 7421 7134 7528 7115 7302 7501 7699 7467 7069 7462 7658 7062 7262 7485 7089 7512 7700 7109 7310 7604 7198 7635 7829 7241 7442 7810 7433 7876 8062 7490 7687 8134 7758 8203 8397 7846 8126 8520 8142 8745 8791 8247 8418 8927 8605 9042 9214 8719 8882 5115 4310 3413 2515 1620 811 0 777 1521 1913 1828 1532 1568 1625 1179 1000 899 1009 796 310 641 224 434 605 641 865 858 921 1016 1443 1593 1620 1681 1730 2414 2395 2727 2541 2582 3222 3269 3416 3429 3482 4240 4108 4336 4278 4321 4934 4962 5125 5130
 7538 7152 7516 7723 7127 7323 7085 7487 7087 7275 7481 7680 7502 7105 7516 7711 7118 7317 7599 7209 7646 7831 7249 7446 7795 7398 7844 8033 7460 7656 8081 7716 8163 8342 7790 7981 8475 8114 8558 8746 8216 8489 8923 8557 9161 9199 8676 8838 9378 9071 9503 9667 9196 9350 5882 5077 4180 3282 2387 1578 777 0 782 1183 1160 806 877 981 674 323 419 622 231 624 833 811 895 976 1384 1505 1607 1638 1689 2199 2313 2377 2426 2458 3173 3138 3487 3295 3327 3982 4020 4176 4186 4234 5001 4862 5096 5036 5075 5694 5718 5886 5889
 7474 7085 7473 7681 7082 7279 7092 7499 7115 7302 7512 7710 7588 7196 7622 7814 7230 7426 7762 7381 7827 8008 7440 7633 8029 7645 8096 8279 7724 7913 8388 8037 8484 8657 8126 8310 8845 8500 8941 9121 8615 8880 9348 8995 9596 9627 9124 9279 9843 9552 9978 10134 9686 9833 6626 5821 4924 4026 3131 2322 1521 782 0 491 665 226 423 617 801 622 818 937 803 1350 1447 1544 1593 1627 2125 2208 2349 2368 2399 2942 3038 3121 3164 3186 3918 3873 4231 4036 4063 4727 4759 4922 4929 4973 5746 5603 5842 5780 5817 6440 6461 6632 6634
 7853 7464 7856 8064 7465 7662 7489 7896 7517 7704 7914 8112 8002 7612 8040 8231 7650 7845 8191 7812 8260 8439 7874 8066 8470 8087 8539 8721 8169 8358 8838 8490 8937 9108 8580 8763 9302 8958 9400 9579 9075 9339 9809 9457 10058 10088 9586 9741 10306 10016 10441 10597 10149 10296 7009 6205 5308 4411 3518 2710 1913 1183 491 0 554 347 426 585 947 908 1054 1121 1098 1656 1689 1852 1873 1879 2437 2479 2662 2662 2675 3257 3323 3436 3466 3474 4234 4166 4548 4342 4359 5044 5058 5239 5237 5273 6064 5905 6160 6091 6120 6758 6766 6950 6945
 8077 7688 8080 8288 7689 7886 7711 8118 7738 7925 8135 8333 8219 7828 8255 8447 7864 8059 8399 8018 8465 8645 8078 8270 8666 8281 8732 8915 8359 8549 9019 8666 9113 9287 8753 8937 9466 9116 9559 9741 9229 9496 9954 9598 10200 10233 9723 9881 10436 10139 10567 10727 10269 10419 6857 6055 5164 4273 3390 2597 1828 1160 665 554 0 476 308 220 723 890 936 919 1060 1590 1519 1780 1755 1715 2353 2327 2575 2544 2526 3164 3180 3342 3348 3332 4135 4029 4449 4224 4222 4942 4924 5136 5119 5140 5959 5774 6055 5973 5989 6652 6636 6843 6827
 7672 7283 7671 7879 7280 7477 7290 7696 7312 7499 7709 7907 7783 7391 7816 8009 7424 7620 7953 7571 8017 8198 7629 7821 8214 7828 8279 8462 7905 8096 8564 8212 8659 8833 8299 8483 9013 8665 9107 9288 8778 9044 9506 9151 9753 9785 9278 9434 9994 9699 10126 10284 9831 9980 6627 5822 4926 4028 3135 2328 1532 806 226 347 476 0 222 416 659 586 739 821 776 1334 1375 1530 1553 1563 2115 2160 2340 2341 2356 2935 3003 3114 3144 3153 3912 3845 4226 4020 4037 4722 4736 4917 4916 4952 5742 5584 5838 5769 5798 6436 6444 6628 6624
 7869 7480 7868 8076 7477 7674 7486 7893 7508 7695 7905 8103 7977 7585 8010 8202 7617 7813 8143 7760 8206 8387 7816 8010 8398 8011 8461 8646 8087 8278 8741 8387 8834 9009 8471 8657 9181 8830 9273 9456 8941 9209 9665 9308 9910 9943 9432 9591 10145 9847 10275 10435 9977 10127 6633 5829 4935 4040 3151 2351 1568 877 423 426 308 222 0 214 555 619 709 741 800 1347 1328 1541 1538 1522 2122 2130 2346 2331 2328 2939 2980 3118 3136 3132 3915 3828 4228 4014 4020 4724 4722 4919 4910 4938 5743 5571 5839 5764 5786 6437 6433 6629 6619
 8063 7674 8062 8270 7671 7868 7680 8086 7701 7889 8098 8297 8169 7776 8200 8393 7807 8004 8330 7947 8392 8573 8002 8196 8580 8192 8642 8827 8266 8457 8915 8559 9007 9182 8642 8829 9347 8994 9438 9621 9103 9372 9823 9463 10065 10100 9586 9745 10295 9994 10423 10585 10121 10273 6642 5840 4949 4059 3177 2387 1625 981 617 585 220 416 214 0 513 710 733 709 870 1388 1309 1576 1547 1505 2146 2117 2368 2335 2316 2956 2970 3133 3138 3122 3926 3819 4239 4014 4012 4732 4714 4927 4910 4930 5750 5564 5845 5763 5779 6442 6426 6634 6618
 8094 7706 8080 8288 7690 7886 7667 8071 7675 7863 8070 8269 8107 7711 8126 8321 7730 7928 8221 7832 8271 8456 7875 8072 8427 8031 8478 8667 8094 8290 8717 8352 8798 8978 8425 8616 9108 8746 9191 9379 8847 9121 9549 9181 9785 9824 9297 9461 9994 9683 10117 10283 9805 9962 6147 5346 4456 3569 2691 1911 1179 674 801 947 723 659 555 513 0 435 289 211 493 924 811 1103 1055 1007 1660 1619 1879 1840 1818 2464 2472 2640 2641 2624 3432 3321 3744 3517 3514 4237 4216 4431 4412 4432 5253 5066 5349 5265 5281 5945 5928 6137 6120
 7717 7330 7701 7909 7311 7508 7284 7688 7291 7479 7686 7885 7721 7325 7740 7935 7343 7542 7836 7447 7887 8071 7492 7688 8046 7652 8099 8287 7717 7912 8345 7983 8429 8608 8059 8249 8749 8389 8834 9020 8493 8765 9203 8838 9442 9479 8958 9120 9661 9355 9787 9950 9480 9635 6088 5283 4387 3490 2597 1792 1000 323 622 908 890 586 619 710 435 0 268 449 233 791 872 987 1017 1048 1572 1630 1797 1801 1824 2392 2466 2571 2602 2616 3369 3306 3683 3478 3498 4179 4196 4374 4373 4411 5199 5042 5295 5226 5257 5893 5902 6085 6081
 7907 7521 7888 8095 7498 7694 7461 7864 7465 7653 7859 8058 7882 7486 7897 8092 7499 7698 7979 7589 8026 8211 7628 7826 8171 7774 8219 8409 7834 8030 8448 8082 8528 8709 8153 8345 8831 8466 8911 9100 8566 8841 9265 8896 9500 9540 9011 9176 9707 9395 9829 9995 9516 9673 5923 5120 4227 3334 2448 1655 899 419 818 1054 936 739 709 733 289 268 0 205 222 656 637 844 830 825 1419 1427 1642 1623 1624 2234 2275 2412 2428 2426 3208 3121 3522 3306 3314 4016 4014 4211 4202 4230 5036 4864 5131 5056 5078 5729 5725 5921 5911
 8110 7723 8091 8298 7701 7898 7665 8068 7669 7857 8063 8262 8086 7689 8100 8295 7702 7901 8180 7790 8226 8411 7828 8026 8368 7970 8415 8605 8028 8225 8639 8271 8717 8898 8340 8533 9014 8647 9092 9282 8745 9020 9440 9068 9672 9714 9181 9348 9873 9559 9993 10161 9677 9837 5944 5144 4254 3368 2492 1718 1009 622 937 1121 919 821 741 709 211 449 205 0 422 748 608 917 857 804 1464 1416 1682 1638 1615 2264 2269 2440 2439 2421 3230 3118 3543 3315 3311 4034 4013 4229 4209 4229 5051 4863 5146 5062 5078 5743 5725 5934 5917
 7729 7343 7708 7915 7319 7515 7278 7680 7280 7468 7674 7873 7694 7297 7708 7903 7310 7509 7789 7398 7835 8020 7437 7635 7980 7583 8028 8218 7643 7839 8259 7893 8339 8520 7965 8157 8645 8282 8727 8915 8382 8656 9084 8716 9320 9360 8832 8997 9531 9221 9654 9820 9343 9500 5878 5073 4177 3281 2388 1583 796 231 803 1098 1060 776 800 870 493 233 222 422 0 584 695 780 816 861 1365 1431 1590 1595 1622 2185 2262 2364 2396 2411 3162 3101 3476 3272 3292 3972 3990 4167 4166 4205 4992 4836 5088 5019 5050 5686 5696 5878 5874
 7824 7443 7789 7994 7404 7598 7326 7722 7312 7500 7701 7900 7683 7285 7682 7878 7282 7482 7720 7326 7753 7940 7350 7550 7857 7453 7892 8085 7500 7700 8080 7704 8148 8333 7764 7961 8415 8041 8486 8680 8131 8411 8810 8433 9037 9082 8540 8710 9223 8902 9338 9509 9016 9178 5336 4532 3636 2740 1849 1048 310 624 1350 1656 1590 1334 1347 1388 924 791 656 748 584 0 421 236 328 464 821 923 1046 1058 1105 1641 1731 1820 1855 1877 2618 2562 2932 2729 2753 3428 3449 3623 3623 3664 4448 4294 4544 4476 4508 5142 5153 5334 5330
 8198 7816 8165 8370 7779 7973 7704 8101 7692 7879 8081 8280 8064 7666 8063 8259 7663 7863 8099 7704 8130 8318 7728 7928 8230 7825 8263 8457 7869 8070 8442 8065 8507 8693 8121 8319 8763 8386 8831 9026 8472 8754 9142 8762 9365 9412 8865 9037 9539 9213 9651 9824 9323 9488 5347 4548 3661 2779 1916 1176 641 833 1447 1689 1519 1375 1328 1309 811 872 637 608 695 421 0 470 315 204 902 816 1110 1045 1015 1677 1669 1850 1842 1821 2636 2518 2948 2716 2711 3438 3413 3632 3610 3629 4453 4263 4548 4463 4478 5144 5125 5336 5317
 7861 7482 7821 8026 7438 7631 7346 7740 7328 7514 7714 7912 7681 7283 7676 7872 7276 7476 7698 7302 7725 7913 7322 7522 7815 7408 7845 8039 7450 7651 8016 7638 8080 8266 7692 7891 8332 7954 8399 8594 8040 8322 8710 8330 8933 8980 8433 8606 9109 8784 9222 9395 8896 9060 5132 4328 3432 2536 1646 849 224 811 1544 1852 1780 1530 1541 1576 1103 987 844 917 780 236 470 0 243 414 618 747 843 860 919 1438 1535 1617 1653 1680 2415 2362 2729 2526 2552 3225 3247 3420 3420 3462 4245 4092 4341 4273 4306 4939 4951 5131 5127
