100 4

 0 1162 448 386 550 652 744 76 525 583 601 347 241 308 143 775 765 111 847 527 290 564 1059 789 860 521 688 830 926 472 902 423 548 671 966 510 844 817 860 797 620 770 808 888 813 763 562 398 278 760 368 726 606 838 879 757 593 989 839 44 591 104 170 391 329 867 191 246 113 852 156 814 778 559 294 883 847 512 817 383 421 304 270 940 320 192 342 935 1173 239 341 685 889 722 820 905 178 799 563 850
 1162 0 839 985 793 634 803 1125 1039 799 659 1101 942 1123 1066 400 959 1236 748 931 1036 842 101 907 911 981 801 643 389 984 302 1008 833 744 331 656 672 914 560 760 842 850 864 368 386 775 621 1031 989 780 1147 508 619 846 663 752 585 332 527 1146 746 1174 1041 791 967 387 1001 1161 1054 989 1239 988 815 968 999 382 569 953 883 946 889 1033 1076 253 1080 1047 1320 266 137 1019 897 815 563 521 539 553 1035 452 668 449
 448 839 0 178 550 252 745 441 287 169 510 293 205 316 315 460 416 491 438 206 239 618 746 849 909 243 284 413 726 627 562 209 147 656 745 339 427 448 742 779 667 800 848 661 542 360 247 602 199 358 604 515 227 449 812 349 340 605 432 442 562 415 282 271 493 501 251 580 381 507 571 470 381 248 197 499 434 200 413 529 506 227 533 591 272 281 534 580 822 455 396 290 475 355 412 781 275 434 188 655
 386 985 178 0 641 389 845 398 192 264 624 147 197 178 248 607 411 404 504 172 140 699 893 937 1002 173 348 513 867 678 707 79 219 758 888 460 519 461 869 885 753 895 942 803 687 418 392 636 129 415 617 653 372 485 931 416 479 741 556 388 662 324 217 363 530 643 206 566 355 499 519 461 428 205 95 636 549 156 549 577 569 101 540 736 133 212 421 724 965 468 451 338 587 499 537 910 212 578 334 793
 550 793 550 641 0 580 241 494 793 650 137 709 460 695 533 485 923 638 871 725 604 111 687 334 395 758 756 784 461 226 609 688 652 159 511 240 815 941 354 289 153 288 335 455 453 818 412 278 557 817 442 332 510 920 364 797 340 758 715 528 82 609 528 300 246 633 496 448 438 1010 564 977 849 767 587 676 752 716 777 201 153 626 360 648 672 546 808 653 845 335 254 773 791 548 702 399 526 587 497 396
 652 634 252 389 580 0 741 636 437 196 494 506 407 535 528 288 424 707 321 329 461 657 550 860 908 379 239 239 600 716 359 408 229 652 603 335 268 417 665 756 696 802 847 525 392 278 177 716 420 278 751 419 77 381 756 254 271 383 216 644 572 633 497 361 612 287 462 746 569 495 766 471 313 368 419 277 230 349 281 631 589 448 682 382 490 498 756 369 607 605 509 260 273 154 197 696 490 225 115 543
 744 803 745 845 241 741 0 681 988 827 244 910 661 896 732 573 1101 826 1024 915 804 180 698 187 230 950 926 926 419 334 676 886 834 88 473 405 960 1111 262 117 143 125 169 451 509 980 569 407 757 980 613 401 665 1083 215 958 481 838 840 716 206 803 728 495 418 726 697 606 630 1185 733 1153 1014 957 788 773 882 908 940 358 331 826 524 710 873 746 1006 720 870 517 453 945 917 676 830 298 726 696 662 386
 76 1125 441 398 494 636 681 0 548 581 552 378 232 341 159 743 780 165 848 541 307 509 1022 733 805 540 690 823 880 417 871 441 550 617 921 470 839 829 809 743 565 714 752 844 775 766 535 344 288 764 313 683 586 846 825 758 558 966 824 56 539 155 182 354 273 842 193 202 72 869 151 830 783 575 309 860 835 525 804 328 367 325 216 910 348 206 387 906 1142 184 291 690 878 699 805 854 188 774 545 804
 525 1039 287 192 793 437 988 548 0 289 764 210 359 264 394 686 287 523 437 107 288 855 956 1092 1154 55 308 489 975 840 766 156 243 906 989 594 483 347 998 1031 908 1046 1094 906 780 353 493 798 288 349 778 767 442 389 1068 361 592 763 565 531 810 445 366 512 692 689 363 720 510 364 658 328 352 118 247 664 544 137 602 738 729 234 700 785 235 360 527 771 1003 629 611 279 573 559 548 1037 363 631 416 906
 583 799 169 264 650 196 827 581 289 0 586 372 340 409 444 446 319 617 314 179 353 720 712 942 997 229 162 297 747 746 522 269 80 741 755 413 308 338 792 856 765 889 936 675 544 237 277 728 321 235 737 550 205 331 874 225 381 530 339 576 650 539 411 381 619 447 383 715 517 406 705 373 260 218 308 428 330 200 360 651 621 328 666 543 364 409 647 529 764 588 519 173 369 316 321 827 404 387 190 684
 601 659 510 624 137 494 244 552 764 586 0 713 471 707 565 364 867 694 788 689 610 204 558 375 422 728 690 693 344 333 484 673 603 166 392 173 726 876 270 278 224 316 361 329 325 744 333 381 561 744 524 204 429 847 315 721 245 637 613 586 101 654 554 288 333 516 518 536 491 950 641 919 778 731 589 560 653 684 704 299 244 628 447 523 677 569 840 529 716 408 302 710 689 446 601 314 550 475 426 274
 347 1101 293 147 709 506 910 378 210 372 713 0 246 79 230 724 466 339 595 245 152 760 1010 1000 1067 219 446 620 973 718 825 149 330 833 997 556 622 525 964 962 816 963 1008 912 800 508 505 664 170 505 634 758 490 561 1017 510 586 858 671 358 738 262 209 446 564 762 221 558 355 546 481 509 514 270 129 753 661 240 667 616 622 97 552 854 68 204 342 842 1083 488 505 429 697 618 652 1006 209 696 452 898
 241 942 205 197 460 407 661 232 359 340 471 246 0 237 126 558 568 303 618 331 144 516 847 755 822 344 461 592 760 483 679 251 321 589 791 333 607 610 731 719 572 718 763 708 613 537 336 440 99 535 422 547 368 621 777 528 389 754 598 239 495 234 100 212 334 636 60 382 177 659 366 620 556 369 130 647 606 315 577 382 379 167 347 715 212 108 385 707 949 272 261 463 649 488 579 775 94 567 325 683
 308 1123 316 178 695 535 896 341 264 409 707 79 237 0 194 738 517 295 639 292 141 739 1027 978 1046 269 488 658 975 689 845 189 365 818 1002 553 662 575 958 947 796 943 988 918 810 553 516 632 161 549 601 760 511 609 1006 554 592 886 703 317 724 218 177 438 536 785 195 519 319 597 438 560 560 318 128 780 696 284 693 589 598 99 517 875 72 173 298 865 1107 456 483 473 733 639 684 1000 178 718 471 899
 143 1066 315 248 533 528 732 159 394 444 565 230 126 194 0 682 634 188 714 394 158 572 970 809 878 391 555 701 870 509 803 293 416 663 904 443 714 684 827 792 629 779 822 822 733 630 461 449 145 627 417 660 491 705 862 624 509 877 717 149 573 118 36 319 356 760 66 338 134 721 280 683 644 428 161 770 722 379 695 410 428 176 332 839 200 59 285 832 1073 273 321 552 764 613 698 871 45 691 448 793
 775 400 460 607 485 288 573 743 686 446 364 724 558 738 682 0 676 852 523 585 653 559 305 707 738 635 494 410 336 670 146 640 482 503 332 291 445 656 436 576 578 645 680 260 127 510 237 700 606 512 788 217 254 606 541 484 208 287 301 764 457 789 656 412 618 168 616 799 674 736 864 719 549 625 618 214 348 599 530 611 556 654 718 188 702 662 936 188 414 654 533 514 375 175 297 458 649 149 295 295
 765 959 416 411 923 424 1101 780 287 319 867 466 568 517 634 676 0 773 236 237 519 994 892 1218 1273 242 226 347 990 1012 709 384 307 1017 988 689 323 98 1055 1131 1041 1165 1211 914 780 181 546 985 507 179 979 810 457 155 1143 204 650 650 457 767 926 694 597 651 876 621 583 940 731 127 898 90 165 249 474 570 418 299 610 914 890 472 906 712 483 591 779 694 896 830 780 173 430 534 447 1087 592 584 458 935
 111 1236 491 404 638 707 826 165 523 617 694 339 303 295 188 852 773 0 877 541 312 652 1135 875 947 527 719 872 1012 557 973 435 582 761 1051 592 883 830 949 887 709 858 895 972 892 791 631 480 311 788 454 809 665 859 968 788 670 1051 892 134 681 79 209 471 417 933 241 315 202 857 188 820 803 571 316 944 895 528 870 471 511 316 352 1010 320 228 315 1004 1244 327 430 712 937 786 872 994 219 864 622 935
 847 748 438 504 871 321 1024 848 437 314 788 595 618 639 714 523 236 877 0 353 614 952 697 1155 1201 385 206 150 844 1002 528 498 338 947 832 630 116 179 938 1047 991 1097 1140 767 636 90 473 993 589 95 1010 697 373 106 1037 93 564 439 266 849 867 801 681 638 886 440 657 991 793 249 980 256 111 377 568 375 220 405 541 912 875 579 940 520 604 677 898 501 682 862 783 182 217 400 263 964 675 423 398 803
 527 931 206 172 725 329 915 541 107 179 689 245 331 292 394 585 237 541 353 0 287 798 854 1030 1090 55 212 392 882 797 664 155 144 838 894 518 389 295 915 960 848 982 1029 812 684 268 403 764 274 264 752 679 344 323 990 272 505 661 463 535 743 467 364 451 655 586 351 709 499 334 666 295 273 47 242 562 443 67 502 697 680 242 678 683 260 359 556 668 900 603 566 189 475 458 446 952 359 529 322 816
 290 1036 239 140 604 461 804 307 288 353 610 152 144 141 158 653 519 312 614 287 0 651 937 890 957 276 449 606 877 612 758 177 314 724 904 454 615 569 860 853 707 853 899 820 715 522 424 562 63 519 536 662 429 592 910 518 495 811 637 291 629 230 121 340 460 704 119 475 265 605 422 567 534 312 47 704 635 264 619 511 513 67 457 791 111 115 338 781 1024 389 396 442 675 556 617 902 117 636 387 801
 564 842 618 699 111 657 180 509 855 720 204 760 516 739 572 559 994 652 952 798 651 0 743 247 315 827 835 866 494 169 680 752 728 134 547 322 897 1019 361 246 65 215 257 502 519 898 494 238 613 898 441 399 591 1001 340 878 421 833 797 547 136 637 572 370 246 710 544 434 464 1088 561 1054 929 838 644 754 833 786 859 186 164 681 352 718 726 591 845 725 906 347 297 852 872 629 784 403 571 666 578 439
 1059 101 746 893 687 550 698 1022 956 712 558 1010 847 1027 970 305 892 1135 697 854 937 743 0 818 825 904 733 589 305 885 221 925 754 648 250 556 620 860 474 670 745 759 776 274 287 717 529 931 898 721 1047 408 535 795 580 693 488 294 469 1048 647 1079 947 693 867 316 907 1061 956 937 1140 932 757 892 909 324 514 874 802 845 789 944 975 184 992 954 1228 200 176 919 797 749 515 439 478 471 941 374 581 354
 789 907 849 937 334 860 187 733 1092 942 375 1000 755 978 809 707 1218 875 1155 1030 890 247 818 0 108 1056 1047 1053 521 350 803 984 948 213 574 525 1087 1232 353 183 200 110 68 566 636 1103 693 421 846 1103 653 530 790 1207 266 1081 607 965 969 766 320 860 804 598 464 855 776 626 689 1304 760 1271 1136 1065 877 902 1011 1014 1063 399 394 915 555 835 959 823 1073 845 985 566 531 1065 1046 804 959 379 803 825 783 503
 860 911 909 1002 395 908 230 805 1154 997 422 1067 822 1046 878 738 1273 947 1201 1090 957 315 825 108 0 1115 1097 1094 521 420 825 1046 1003 258 572 576 1128 1282 353 197 264 154 69 576 659 1151 740 491 910 1151 723 560 836 1254 251 1128 651 988 1005 836 373 929 871 657 534 883 843 696 758 1355 830 1324 1185 1123 942 930 1048 1073 1111 469 462 979 625 855 1024 890 1142 866 991 636 596 1116 1082 843 996 372 869 858 833 515
 521 981 243 173 758 379 950 540 55 229 728 219 344 269 391 635 242 527 385 55 276 827 904 1056 1115 0 254 435 929 819 714 147 193 874 942 557 429 306 958 997 879 1016 1063 859 732 302 449 782 278 298 765 724 393 344 1030 309 550 709 511 531 778 453 363 482 674 636 355 714 504 332 660 294 302 64 240 611 489 94 552 718 705 233 689 733 241 357 537 718 949 615 589 226 519 508 494 996 358 579 370 862
 688 801 284 348 756 239 926 690 308 162 690 446 461 488 555 494 226 719 206 212 449 835 733 1047 1097 254 0 221 805 862 537 339 173 841 806 514 218 226 870 952 872 990 1036 730 596 117 365 845 423 115 854 625 273 210 959 109 467 505 305 684 754 636 516 496 736 452 491 831 630 300 815 273 139 233 403 413 278 249 427 767 736 416 783 547 444 512 736 530 750 705 635 61 306 351 290 902 509 407 279 750
 830 643 413 513 784 239 926 823 489 297 693 620 592 658 701 410 347 872 150 392 606 866 589 1053 1094 435 221 0 725 925 409 513 329 845 712 539 66 302 823 940 896 994 1037 648 518 164 383 924 576 169 954 585 285 238 924 143 465 334 147 824 771 793 664 568 820 321 633 945 758 379 951 376 202 416 563 259 104 427 469 839 797 582 885 404 615 662 901 385 580 808 716 225 117 288 143 848 657 304 321 686
 926 389 726 867 461 600 419 880 975 747 344 973 760 975 870 336 990 1012 844 882 877 494 305 521 521 929 805 725 0 649 369 909 779 380 62 428 765 979 178 380 482 471 482 102 246 832 495 708 834 835 861 261 555 928 283 807 409 523 615 912 414 969 853 575 669 457 814 873 816 1059 976 1040 872 923 856 498 664 888 836 632 579 895 784 382 945 865 1141 398 479 744 632 833 684 496 614 174 848 468 582 119
 472 984 627 678 226 716 334 417 840 746 333 718 483 689 509 670 1012 557 1002 797 612 169 885 350 420 819 862 925 649 0 793 727 741 290 696 392 953 1041 517 394 208 344 374 645 642 934 553 104 574 933 336 522 646 1033 493 916 502 937 872 451 268 548 511 385 158 809 491 308 381 1104 441 1067 961 831 605 849 903 778 903 96 142 639 236 834 678 533 768 838 1036 255 269 877 945 707 857 559 512 757 623 584
 902 302 562 707 609 359 676 871 766 522 484 825 679 845 803 146 709 973 528 664 758 680 221 803 825 714 537 409 369 793 0 732 559 608 339 420 444 678 501 666 691 742 773 294 199 532 352 827 715 536 917 324 343 617 611 507 336 189 290 888 573 907 773 539 747 126 733 928 799 756 990 747 572 697 724 157 338 679 607 738 682 757 847 67 804 778 1049 70 297 782 662 557 349 245 295 514 766 178 391 355
 423 1008 209 79 688 408 886 441 156 269 673 149 251 189 293 640 384 435 498 155 177 752 925 984 1046 147 339 513 909 727 732 0 222 803 921 501 514 436 910 929 799 940 987 837 718 405 423 682 172 401 662 689 394 465 973 405 514 754 564 425 706 352 256 408 576 661 249 608 397 470 555 431 413 178 134 649 553 136 566 623 616 128 585 755 146 250 442 743 982 513 498 325 589 520 545 950 251 597 360 830
 548 833 147 219 652 229 834 550 243 80 603 330 321 365 416 482 307 582 338 144 314 728 754 948 1003 193 173 329 779 741 559 222 0 751 785 425 336 336 812 869 770 898 945 703 574 251 298 718 287 249 720 573 235 337 891 243 402 568 376 546 658 502 378 379 609 483 353 694 491 398 676 362 270 178 270 465 366 155 393 644 618 288 649 579 322 375 607 566 801 571 510 178 403 351 358 849 372 423 214 709
 671 744 656 758 159 652 88 617 906 741 166 833 589 818 663 503 1017 761 947 838 724 134 648 213 258 874 841 845 380 290 608 803 751 0 434 327 884 1033 238 139 112 159 205 401 446 902 491 364 683 903 558 333 588 1006 220 880 404 772 767 654 130 738 658 418 361 657 626 556 566 1106 680 1075 936 879 713 704 808 830 862 306 271 752 472 647 799 675 938 656 817 458 384 867 843 601 756 279 656 624 584 336
 966 331 745 888 511 603 473 921 989 755 392 997 791 1002 904 332 988 1051 832 894 904 547 250 574 572 942 806 712 62 696 339 921 785 434 0 462 753 974 232 434 537 526 535 111 248 827 513 760 862 830 908 291 563 920 332 802 433 490 600 953 465 1006 887 610 718 438 847 921 857 1054 1021 1038 867 935 882 475 649 903 843 682 629 921 832 350 971 897 1174 367 426 790 675 834 666 495 601 223 881 458 595 161
 510 656 339 460 240 335 405 470 594 413 173 556 333 553 443 291 689 592 630 518 454 322 556 525 576 557 514 539 428 392 420 501 425 327 462 0 576 708 410 445 362 477 523 381 307 580 172 416 412 580 498 218 270 683 474 559 112 554 482 498 240 545 426 149 329 424 387 510 404 780 584 749 613 560 436 461 516 514 539 327 274 476 428 466 526 438 714 467 689 365 244 541 556 316 468 451 421 367 259 351
 844 672 427 519 815 268 960 839 483 308 726 622 607 662 714 445 323 883 116 389 615 897 620 1087 1128 429 218 66 765 953 444 514 336 884 753 576 0 273 858 975 928 1028 1071 683 553 142 413 950 587 148 977 620 314 206 959 125 497 359 181 839 803 803 676 594 845 355 647 965 775 348 967 348 179 411 571 290 135 427 493 866 825 588 908 436 619 674 908 417 605 830 741 215 138 323 178 884 669 340 348 722
 817 914 448 461 941 417 1111 829 347 338 876 525 610 575 684 656 98 830 179 295 569 1019 860 1232 1282 306 226 302 979 1041 678 436 336 1033 974 708 273 0 1053 1141 1062 1180 1227 900 767 149 555 1023 559 148 1022 808 460 83 1146 174 656 605 421 821 944 753 650 680 913 591 634 988 781 97 952 95 131 306 528 533 378 352 616 948 920 529 950 678 543 645 839 659 849 872 815 181 382 522 413 1084 645 562 469 927
 860 560 742 869 354 665 262 809 998 792 270 964 731 958 827 436 1055 949 938 915 860 361 474 353 353 958 870 823 178 517 501 910 812 238 232 410 858 1053 0 213 339 306 313 239 349 913 528 589 817 914 767 291 609 1013 120 888 432 666 723 844 307 916 815 544 571 579 779 772 751 1134 888 1109 950 956 843 624 770 914 890 523 477 883 685 528 932 830 1102 541 649 658 561 898 797 578 718 54 812 571 623 187
 797 760 779 885 289 756 117 743 1031 856 278 962 719 947 792 576 1131 887 1047 960 853 246 670 183 197 997 952 940 380 394 666 929 869 139 434 445 975 1141 213 0 202 129 143 419 498 1002 594 466 806 1003 673 401 688 1106 138 979 501 827 847 775 252 860 782 539 477 723 749 665 688 1212 793 1183 1037 995 836 769 891 947 965 418 389 875 584 694 923 799 1061 705 838 576 507 972 924 686 839 236 779 699 689 357
 620 842 667 753 153 696 143 565 908 765 224 816 572 796 629 578 1041 709 991 848 707 65 745 200 264 879 872 896 482 208 691 799 770 112 537 362 928 1062 339 202 0 169 212 497 529 938 530 284 666 938 495 411 628 1041 304 917 452 849 825 602 158 692 627 419 300 729 598 484 519 1132 613 1098 970 887 697 774 863 835 897 238 220 735 403 730 780 646 900 737 909 401 352 895 901 657 813 377 625 689 617 433
 770 850 800 895 288 802 125 714 1046 889 316 963 718 943 779 645 1165 858 1097 982 853 215 759 110 154 1016 990 994 471 344 742 940 898 159 526 477 1028 1180 306 129 169 0 93 504 571 1044 633 414 805 1045 635 465 730 1148 224 1022 546 900 906 745 265 836 770 549 443 791 740 618 663 1247 750 1216 1078 1015 836 837 948 965 1004 379 364 874 542 771 920 789 1044 781 924 544 494 1008 983 741 896 328 768 761 725 441
 808 864 848 942 335 847 169 752 1094 936 361 1008 763 988 822 680 1211 895 1140 1029 899 257 776 68 69 1063 1036 1037 482 374 773 987 945 205 535 523 1071 1227 313 143 212 93 0 531 610 1096 686 450 858 1097 678 509 782 1200 219 1074 597 939 953 790 319 883 820 604 487 833 792 655 710 1301 789 1269 1130 1069 890 880 995 1019 1057 423 413 927 582 807 973 840 1093 818 949 589 546 1061 1029 789 943 335 819 806 778 470
 888 368 661 803 455 525 451 844 906 675 329 912 708 918 822 260 914 972 767 812 820 502 274 566 576 859 730 648 102 645 294 837 703 401 111 381 683 900 239 419 497 504 531 0 167 753 425 699 774 755 836 206 479 849 346 727 345 453 536 871 407 921 801 525 648 379 761 850 776 979 945 961 792 849 794 422 585 816 760 618 563 833 762 314 883 811 1088 328 442 715 598 754 605 416 535 244 795 388 508 103
 813 386 542 687 453 392 509 775 780 544 325 800 613 810 733 127 780 892 636 684 715 519 287 636 659 732 596 518 246 642 199 718 574 446 248 307 553 767 349 498 529 571 610 167 0 617 304 682 668 619 791 161 346 714 452 592 240 360 407 796 413 834 706 441 613 260 665 805 703 843 884 825 656 718 684 306 455 688 626 595 538 722 720 232 771 714 990 241 425 663 541 619 479 280 404 365 700 256 380 201
 763 775 360 418 818 278 980 766 353 237 744 508 537 553 630 510 181 791 90 268 522 898 717 1103 1151 302 117 164 832 934 532 405 251 902 827 580 142 149 913 1002 938 1044 1096 753 617 0 425 926 506 10 937 669 327 108 1008 30 523 473 281 767 819 717 598 574 818 449 575 915 714 231 898 220 44 292 484 395 242 320 487 847 813 494 867 538 519 594 813 519 720 788 716 97 254 379 272 943 592 418 344 785
 562 621 247 392 412 177 569 535 493 277 333 505 336 516 461 237 546 631 473 403 424 494 529 693 740 449 365 383 495 553 352 423 298 491 513 172 413 555 528 594 530 633 686 425 304 425 0 563 382 424 614 288 111 527 610 401 117 445 335 553 407 568 433 220 464 319 394 618 466 631 662 602 457 443 395 342 363 406 384 476 430 432 546 392 481 439 712 386 626 473 364 391 405 181 318 563 427 252 108 426
 398 1031 602 636 278 716 407 344 798 728 381 664 440 632 449 700 985 480 993 764 562 238 931 421 491 782 845 924 708 104 827 682 718 364 760 416 950 1023 589 466 284 414 450 699 682 926 563 0 529 921 267 566 650 1018 566 906 523 964 883 379 326 478 456 377 116 835 440 226 317 1080 359 1042 948 799 560 872 911 745 900 86 161 591 159 869 627 478 704 871 1079 194 249 861 953 723 867 629 458 779 621 642
 278 989 199 129 557 420 757 288 288 321 561 170 99 161 145 606 507 311 589 274 63 613 898 846 910 278 423 576 834 574 715 172 287 683 862 412 587 559 817 806 666 805 858 774 668 506 382 529 0 500 508 617 390 578 865 497 450 774 603 281 586 235 110 295 426 664 95 454 244 600 412 561 517 306 49 667 604 255 584 475 474 87 430 750 134 106 353 741 984 359 356 425 645 516 584 857 104 596 348 756
 760 780 358 415 817 278 980 764 349 235 744 505 535 549 627 512 179 788 95 264 519 898 721 1103 1151 298 115 169 835 933 536 401 249 903 830 580 148 148 914 1003 938 1045 1097 755 619 10 424 921 500 0 934 670 327 109 1008 32 523 477 284 764 819 712 594 572 815 451 571 912 711 230 895 217 42 288 479 398 245 315 486 845 811 490 864 540 514 591 809 522 723 785 713 92 258 380 275 944 588 420 342 786
 368 1147 604 617 442 751 613 313 778 737 524 634 422 601 417 788 979 454 1010 752 536 441 1047 653 723 765 854 954 861 336 917 662 720 558 908 498 977 1022 767 673 495 635 678 836 791 937 614 267 508 934 0 650 654 990 730 885 565 1003 895 314 455 412 391 380 168 874 379 213 250 1039 322 1000 921 751 501 904 916 697 893 218 271 529 131 924 564 414 636 923 1146 133 258 831 960 745 877 773 393 811 620 751
 726 508 515 653 332 419 401 683 767 550 204 758 547 760 660 217 810 809 697 679 662 399 408 530 560 724 625 585 261 522 324 689 573 333 291 218 620 808 291 401 411 465 509 206 161 669 288 566 617 670 650 0 358 764 380 638 191 479 487 706 291 755 635 359 499 365 595 696 611 882 784 858 699 713 634 411 531 675 640 477 420 673 609 359 723 646 923 366 553 557 437 647 563 331 479 317 630 338 376 180
 606 619 227 372 510 77 665 586 442 205 429 490 368 511 491 254 457 665 373 344 429 591 535 790 836 393 273 285 555 646 343 394 235 588 563 270 314 460 609 688 628 730 782 479 346 327 111 650 390 327 654 358 0 429 697 303 207 397 252 599 505 596 460 299 549 286 423 690 520 538 717 512 360 383 395 290 273 355 293 566 523 427 623 375 472 462 727 364 606 547 446 300 316 138 234 641 453 218 64 492
 838 846 449 485 920 381 1083 846 389 331 847 561 621 609 705 606 155 859 106 323 592 1001 795 1207 1254 344 210 238 928 1033 617 465 337 1006 920 683 206 83 1013 1106 1041 1148 1200 849 714 108 527 1018 578 109 990 764 429 0 1109 130 626 537 359 843 922 783 672 672 912 532 653 1001 796 152 975 163 97 340 553 470 315 380 589 944 912 558 956 616 577 668 873 597 780 879 811 175 315 477 354 1042 667 509 445 883
 879 663 812 931 364 756 215 825 1068 874 315 1017 777 1006 862 541 1143 968 1037 990 910 340 580 266 251 1030 959 924 283 493 611 973 891 220 332 474 959 1146 120 138 304 224 219 346 452 1008 610 566 865 1008 730 380 697 1109 0 983 515 777 827 862 323 942 854 595 571 687 819 765 772 1225 890 1199 1044 1031 896 733 873 986 978 516 480 935 682 639 984 870 1138 652 755 667 586 987 902 677 821 129 851 675 707 297
 757 752 349 416 797 254 958 758 361 225 721 510 528 554 624 484 204 788 93 272 518 878 693 1081 1128 309 109 143 807 916 507 405 243 880 802 559 125 174 888 979 917 1022 1074 727 592 30 401 906 497 32 885 638 303 130 983 0 500 451 257 760 798 713 592 556 802 424 568 904 705 257 891 244 70 298 480 371 219 321 466 830 795 492 853 513 519 589 812 495 698 775 699 99 234 354 248 918 586 392 323 760
 593 585 340 479 340 271 481 558 592 381 245 586 389 592 509 208 650 670 564 505 495 421 488 607 651 550 467 465 409 502 336 514 402 404 433 112 497 656 432 501 452 546 597 345 240 523 117 523 450 523 565 191 207 626 515 500 0 462 395 580 326 613 485 225 436 332 445 612 488 732 676 704 555 544 469 368 432 504 484 435 383 508 532 379 558 494 770 378 606 466 346 493 471 228 382 467 479 275 212 335
 989 332 605 741 758 383 838 966 763 530 637 858 754 886 877 287 650 1051 439 661 811 833 294 965 988 709 505 334 523 937 189 754 568 772 490 554 359 605 666 827 849 900 939 453 360 473 445 964 774 477 1003 479 397 537 777 451 462 0 230 980 729 982 846 649 878 169 808 1047 897 678 1093 680 508 693 775 105 264 688 637 876 822 804 970 142 846 848 1110 125 266 900 785 520 252 304 245 676 838 239 449 519
 839 527 432 556 715 216 840 824 565 339 613 671 598 703 717 301 457 892 266 463 637 797 469 969 1005 511 305 147 615 872 290 564 376 767 600 482 181 421 723 847 825 906 953 536 407 281 335 883 603 284 895 487 252 359 827 257 395 230 0 831 697 816 682 535 783 202 647 928 756 496 952 491 316 492 596 141 76 491 464 795 747 621 861 285 660 682 935 266 473 785 681 319 104 204 47 741 675 195 298 578
 44 1146 442 388 528 644 716 56 531 576 586 358 239 317 149 764 767 134 849 535 291 547 1048 766 836 531 684 824 912 451 888 425 546 654 953 498 839 821 844 775 602 745 790 871 796 767 553 379 281 764 314 706 599 843 862 760 580 980 831 0 572 125 172 376 309 857 189 232 96 858 156 819 779 564 298 874 841 516 811 364 402 311 252 928 330 195 359 923 1161 219 322 686 884 713 813 886 179 789 555 832
 591 746 562 662 82 572 206 539 810 650 101 738 495 724 573 457 926 681 867 743 629 136 647 320 373 778 754 771 414 268 573 706 658 130 465 240 803 944 307 252 158 265 319 407 413 819 407 326 586 819 455 291 505 922 323 798 326 729 697 572 0 649 562 318 293 605 529 496 480 1014 611 981 847 780 614 649 735 731 774 249 200 653 408 612 700 579 845 618 803 381 292 775 773 529 685 348 560 562 494 346
 104 1174 415 324 609 633 803 155 445 539 654 262 234 218 118 789 694 79 801 467 230 637 1079 860 929 453 636 793 969 548 907 352 502 738 1006 545 803 753 916 860 692 836 883 921 834 717 568 478 235 712 412 755 596 783 942 713 613 982 816 125 649 0 141 421 407 869 175 334 177 784 228 746 728 497 242 878 824 454 800 462 493 241 355 949 246 157 248 941 1183 317 400 637 865 721 802 961 150 800 555 893
 170 1041 282 217 528 497 728 182 366 411 554 209 100 177 36 656 597 209 681 364 121 572 947 804 871 363 516 664 853 511 773 256 378 658 887 426 676 650 815 782 627 770 820 801 706 598 433 456 110 594 391 635 460 672 854 592 485 846 682 172 562 141 0 303 363 733 41 359 151 692 307 653 613 398 131 742 691 349 665 417 430 149 347 813 178 29 293 806 1047 284 318 520 733 585 667 860 14 664 419 777
 391 791 271 363 300 361 495 354 512 381 288 446 212 438 319 412 651 471 638 451 340 370 693 598 657 482 496 568 575 385 539 408 379 418 610 149 594 680 544 539 419 549 604 525 441 574 220 377 295 572 380 359 299 672 595 556 225 649 535 376 318 421 303 0 272 519 260 419 283 744 472 708 597 488 322 546 559 437 543 295 261 361 347 580 410 311 587 577 810 274 168 514 602 386 518 584 294 454 265 495
 329 967 493 530 246 612 418 273 692 619 333 564 334 536 356 618 876 417 886 655 460 246 867 464 534 674 736 820 669 158 747 576 609 361 718 329 845 913 571 477 300 443 487 648 613 818 464 116 426 815 168 499 549 912 571 802 436 878 783 309 293 407 363 272 0 750 343 213 235 973 329 936 842 694 459 784 813 640 797 65 113 492 125 792 530 384 622 793 1010 112 145 754 855 630 770 615 363 690 520 599
 867 387 501 643 633 287 726 842 689 447 516 762 636 785 760 168 621 933 440 586 704 710 316 855 883 636 452 321 457 809 126 661 483 657 438 424 355 591 579 723 729 791 833 379 260 449 319 835 664 451 874 365 286 532 687 424 332 169 202 857 605 869 733 519 750 0 687 914 768 666 963 657 481 617 665 82 248 603 535 743 689 697 837 132 741 729 996 118 357 768 651 469 263 182 204 591 719 110 332 428
 191 1001 251 206 496 462 697 193 363 383 518 221 60 195 66 616 583 241 657 351 119 544 907 776 843 355 491 633 814 491 733 249 353 626 847 387 647 634 779 749 598 740 792 761 665 575 394 440 95 571 379 595 423 653 819 568 445 808 647 189 529 175 41 260 343 687 0 360 150 680 324 641 591 386 124 704 658 335 630 396 403 151 338 774 188 52 328 767 1008 270 289 498 700 547 633 823 35 625 382 737
 246 1161 580 566 448 746 606 202 720 715 536 558 382 519 338 799 940 315 991 709 475 434 1061 626 696 714 831 945 873 308 928 608 694 556 921 510 965 988 772 665 484 618 655 850 805 915 618 226 454 912 213 696 690 1001 765 904 612 1047 928 232 496 334 359 419 213 914 360 0 207 1030 175 991 927 737 475 941 943 685 916 243 308 496 115 966 522 375 563 965 1190 161 301 835 987 781 907 809 356 849 646 795
 113 1054 381 355 438 569 630 72 510 517 491 355 177 319 134 674 731 202 793 499 265 464 956 689 758 504 630 758 816 381 799 397 491 566 857 404 775 781 751 688 519 663 710 776 703 714 466 317 244 711 250 611 520 796 772 705 488 897 756 96 480 177 151 283 235 768 150 207 0 828 202 790 732 535 272 795 773 483 742 291 321 295 202 843 325 175 392 839 1075 148 233 640 816 633 742 797 155 708 481 741
 852 989 507 499 1010 495 1185 869 364 406 950 546 659 597 721 736 127 857 249 334 605 1088 937 1304 1355 332 300 379 1059 1104 756 470 398 1106 1054 780 348 97 1134 1212 1132 1247 1301 979 843 231 631 1080 600 230 1039 882 538 152 1225 257 732 678 496 858 1014 784 692 744 973 666 680 1030 828 0 991 80 213 343 568 612 456 395 693 1011 986 563 1003 757 571 685 865 738 923 927 877 255 458 603 493 1165 686 644 545 1009
 156 1239 571 519 564 766 733 151 658 705 641 481 366 438 280 864 898 188 980 666 422 561 1140 760 830 660 815 951 976 441 990 555 676 680 1021 584 967 952 888 793 613 750 789 945 884 898 662 359 412 895 322 784 717 975 890 891 676 1093 952 156 611 228 307 472 329 963 324 175 202 991 0 948 909 694 428 986 964 646 933 371 428 439 239 1030 454 325 466 1027 1260 250 385 816 1007 824 933 929 310 898 673 898
 814 988 470 461 977 471 1153 830 328 373 919 509 620 560 683 719 90 820 256 295 567 1054 932 1271 1324 294 273 376 1040 1067 747 431 362 1075 1038 749 348 95 1109 1183 1098 1216 1269 961 825 220 602 1042 561 217 1000 858 512 163 1199 244 704 680 491 819 981 746 653 708 936 657 641 991 790 80 948 0 195 299 523 602 447 350 660 968 944 519 959 745 528 640 823 727 922 883 834 221 454 578 480 1135 641 624 509 981
 778 815 381 428 849 313 1014 783 352 260 778 514 556 560 644 549 165 803 111 273 534 929 757 1136 1185 302 139 202 872 961 572 413 270 936 867 613 179 131 950 1037 970 1078 1130 792 656 44 457 948 517 42 921 699 360 97 1044 70 555 508 316 779 847 728 613 597 842 481 591 927 732 213 909 195 0 291 492 430 276 323 516 869 837 500 885 573 522 604 818 555 754 807 737 105 288 413 308 977 602 454 372 820
 559 968 248 205 767 368 957 575 118 218 731 270 369 318 428 625 249 571 377 47 312 838 892 1065 1123 64 233 416 923 831 697 178 178 879 935 560 411 306 956 995 887 1015 1069 849 718 292 443 799 306 288 751 713 383 340 1031 298 544 693 492 564 780 497 398 488 694 617 386 737 535 343 694 299 291 0 267 589 468 97 534 729 713 265 707 712 280 384 577 698 928 633 598 207 498 489 472 986 385 559 355 850
 294 999 197 95 587 419 788 309 247 308 589 129 130 128 161 618 474 316 568 242 47 644 909 877 942 240 403 563 856 605 724 134 270 713 882 436 571 528 843 836 697 836 890 794 684 484 395 560 49 479 501 634 395 553 896 480 469 775 596 298 614 242 131 322 459 665 124 475 272 568 428 523 492 267 0 670 598 225 584 509 508 47 461 759 97 125 347 749 992 391 390 403 638 524 581 885 126 603 355 780
 883 382 499 636 676 277 773 860 664 428 560 753 647 780 770 214 570 944 375 562 704 754 324 902 930 611 413 259 498 849 157 649 465 704 475 461 290 533 624 769 774 837 880 422 306 395 342 872 667 398 904 411 290 470 733 371 368 105 141 874 649 878 742 546 784 82 704 941 795 612 986 602 430 589 670 0 190 590 534 787 734 700 874 146 743 744 1006 127 339 803 689 434 195 202 157 642 734 142 345 480
 847 569 434 549 752 230 882 835 544 330 653 661 606 696 722 348 418 895 220 443 635 833 514 1011 1048 489 278 104 664 903 338 553 366 808 649 516 135 378 770 891 863 948 995 585 455 242 363 911 604 245 916 531 273 315 873 219 432 264 76 841 735 824 691 559 813 248 658 943 773 456 964 447 276 468 598 190 0 475 472 823 777 617 882 330 653 685 933 311 508 806 706 288 73 242 80 789 679 243 315 626
 512 953 200 156 716 349 908 525 137 200 684 240 315 284 379 599 299 528 405 67 264 786 874 1014 1073 94 249 427 888 778 679 136 155 830 903 514 427 352 914 947 835 965 1019 816 688 320 406 745 255 315 697 675 355 380 986 321 504 688 491 516 731 454 349 437 640 603 335 685 483 395 646 350 323 97 225 590 475 0 511 675 660 221 654 698 241 335 537 684 919 579 544 232 506 468 470 945 335 542 322 813
 817 883 413 549 777 281 940 804 602 360 704 667 577 693 695 530 610 870 541 502 619 859 802 1063 1111 552 427 469 836 903 607 566 393 862 843 539 493 616 890 965 897 1004 1057 760 626 487 384 900 584 486 893 640 293 589 978 466 484 637 464 811 774 800 665 543 797 535 630 916 742 693 933 660 516 534 584 534 472 511 0 746 707 539 789 562 582 591 848 550 789 711 620 381 446 330 375 851 584 405 230 702
 383 946 529 577 201 631 358 328 738 651 299 616 382 589 410 611 914 471 912 697 511 186 845 399 469 718 767 839 632 96 738 623 644 306 682 327 866 948 523 418 238 379 423 618 595 847 476 86 475 845 218 477 566 944 516 830 435 876 795 364 249 462 417 295 65 743 396 243 291 1011 371 968 869 729 509 787 823 675 746 0 77 543 167 784 583 438 678 786 995 168 176 788 870 638 784 567 417 693 541 566
 421 889 506 569 153 589 331 367 729 621 244 622 379 598 428 556 890 511 875 680 513 164 789 394 462 705 736 797 579 142 682 616 618 271 629 274 825 920 477 389 220 364 413 563 538 813 430 161 474 811 271 420 523 912 480 795 383 822 747 402 200 493 430 261 113 689 403 308 321 986 428 944 837 713 508 734 777 660 707 77 0 542 225 725 585 446 698 728 935 204 158 755 821 585 734 520 426 638 498 509
 304 1033 227 101 626 448 826 325 234 328 628 97 167 99 176 654 472 316 579 242 67 681 944 915 979 233 416 582 895 639 757 128 288 752 921 476 588 529 883 875 735 874 927 833 722 494 432 591 87 490 529 673 427 558 935 492 508 804 621 311 653 241 149 361 492 697 151 496 295 563 439 519 500 265 47 700 617 221 539 543 542 0 486 791 65 141 335 781 1023 419 425 412 658 555 605 924 144 634 387 818
 270 1076 533 540 360 682 524 216 700 666 447 552 347 517 332 718 906 352 940 678 457 352 975 555 625 689 783 885 784 236 847 585 649 472 832 428 908 950 685 584 403 542 582 762 720 867 546 159 430 864 131 609 623 956 682 853 532 970 861 252 408 355 347 347 125 837 338 115 202 1003 239 959 885 707 461 874 882 654 789 167 225 486 0 889 516 366 578 888 1110 96 223 793 925 711 843 725 345 776 585 709
 940 253 591 736 648 382 710 910 785 543 523 854 715 875 839 188 712 1010 520 683 791 718 184 835 855 733 547 404 382 834 67 755 579 647 350 466 436 678 528 694 730 771 807 314 232 538 392 869 750 540 924 359 375 616 639 513 379 142 285 928 612 949 813 580 792 132 774 966 843 757 1030 745 573 712 759 146 330 698 562 784 725 791 889 0 839 818 1088 22 239 828 708 570 339 277 298 540 806 206 427 385
 320 1080 272 133 672 490 873 348 235 364 677 68 212 72 200 702 483 320 604 260 111 726 992 959 1024 241 444 615 945 678 804 146 322 799 971 526 619 543 932 923 780 920 973 883 771 519 481 627 134 514 564 723 472 577 984 519 558 846 660 330 700 246 178 410 530 741 188 522 325 571 454 528 522 280 97 743 653 241 582 583 585 65 516 839 0 168 327 823 1064 451 466 433 691 597 641 971 172 676 430 866
 192 1047 281 212 546 498 746 206 360 409 569 204 108 173 59 662 591 228 677 359 115 591 954 823 890 357 512 662 865 533 778 250 375 675 897 438 674 645 830 799 646 789 840 811 714 594 439 478 106 591 414 646 462 668 870 589 494 848 682 195 579 157 29 311 384 729 52 375 175 685 325 640 604 384 125 744 685 335 591 438 446 141 366 818 168 0 296 807 1049 304 334 513 729 585 665 872 24 664 419 785
 342 1320 534 421 808 756 1006 387 527 647 840 342 385 298 285 936 779 315 898 556 338 845 1228 1073 1142 537 736 901 1141 768 1049 442 607 938 1174 714 908 839 1102 1061 900 1044 1093 1088 990 813 712 704 353 809 636 923 727 873 1138 812 770 1110 935 359 845 248 293 587 622 996 328 563 392 865 466 823 818 577 347 1006 933 537 848 678 698 335 578 1088 327 296 0 1026 1268 482 544 680 925 802 868 1094 247 881 633 1012
 935 266 580 724 653 369 720 906 771 529 529 842 707 865 832 188 694 1004 501 668 781 725 200 845 866 718 530 385 398 838 70 743 566 656 367 467 417 659 541 705 737 781 818 328 241 519 386 871 741 522 923 366 364 597 652 495 378 125 266 923 618 941 806 577 793 118 767 965 839 738 1027 727 555 698 749 127 311 684 550 786 728 781 888 22 823 807 1026 0 245 827 708 554 320 266 280 554 799 195 417 398
 1173 137 822 965 845 607 870 1142 1003 764 716 1083 949 1107 1073 414 896 1244 682 900 1024 906 176 985 991 949 750 580 479 1036 297 982 801 817 426 689 605 849 649 838 909 924 949 442 425 720 626 1079 984 723 1146 553 606 780 755 698 606 266 473 1161 803 1183 1047 810 1010 357 1008 1190 1075 923 1260 922 754 928 992 339 508 919 789 995 935 1023 1110 239 1064 1049 1268 245 0 1048 927 764 495 504 487 641 1036 432 654 521
 239 1019 455 468 335 605 517 184 629 588 408 488 272 456 273 654 830 327 862 603 389 347 919 566 636 615 705 808 744 255 782 513 571 458 790 365 830 872 658 576 401 544 589 715 663 788 473 194 359 785 133 557 547 879 667 775 466 900 785 219 381 317 284 274 112 768 270 161 148 927 250 883 807 633 391 803 806 579 711 168 204 419 96 828 451 304 482 827 1048 0 161 717 851 640 769 701 283 708 510 668
 341 897 396 451 254 509 453 291 611 519 302 505 261 483 321 533 780 430 783 566 396 297 797 531 596 589 635 716 632 269 662 498 510 384 675 244 741 815 561 507 352 494 546 598 541 716 364 249 356 713 258 437 446 811 586 699 346 785 681 322 292 400 318 168 145 651 289 301 233 877 385 834 737 598 390 689 706 544 620 176 158 425 223 708 466 334 544 708 927 161 0 648 747 525 662 600 310 589 410 550
 685 815 290 338 773 260 945 690 279 173 710 429 463 473 552 514 173 712 182 189 442 852 749 1065 1116 226 61 225 833 877 557 325 178 867 834 541 215 181 898 972 895 1008 1061 754 619 97 391 861 425 92 831 647 300 175 987 99 493 520 319 686 775 637 520 514 754 469 498 835 640 255 816 221 105 207 403 434 288 232 381 788 755 412 793 570 433 513 680 554 764 717 648 0 315 378 308 929 512 431 304 777
 889 563 475 587 791 273 917 878 573 369 689 697 649 733 764 375 430 937 217 475 675 872 515 1046 1082 519 306 117 684 945 349 589 403 843 666 556 138 382 797 924 901 983 1029 605 479 254 405 953 645 258 960 563 316 315 902 234 471 252 104 884 773 865 733 602 855 263 700 987 816 458 1007 454 288 498 638 195 73 506 446 870 821 658 925 339 691 729 925 320 495 851 747 315 0 280 116 814 720 270 358 651
 722 521 355 499 548 154 676 699 559 316 446 618 488 639 613 175 534 786 400 458 556 629 439 804 843 508 351 288 496 707 245 520 351 601 495 316 323 522 578 686 657 741 789 416 280 379 181 723 516 380 745 331 138 477 677 354 228 304 204 713 529 721 585 386 630 182 547 781 633 603 824 578 413 489 524 202 242 468 330 638 585 555 711 277 597 585 802 266 504 640 525 378 280 0 190 600 572 114 185 441
 820 539 412 537 702 197 830 805 548 321 601 652 579 684 698 297 447 872 263 446 617 784 478 959 996 494 290 143 614 857 295 545 358 756 601 468 178 413 718 839 813 896 943 535 404 272 318 867 584 275 877 479 234 354 821 248 382 245 47 813 685 802 667 518 770 204 633 907 742 493 933 480 308 472 581 157 80 470 375 784 734 605 843 298 641 665 868 280 487 769 662 308 116 190 0 737 655 191 279 574
 905 553 781 910 399 696 298 854 1037 827 314 1006 775 1000 871 458 1087 994 964 952 902 403 471 379 372 996 902 848 174 559 514 950 849 279 223 451 884 1084 54 236 377 328 335 244 365 943 563 629 857 944 773 317 641 1042 129 918 467 676 741 886 348 961 860 584 615 591 823 809 797 1165 929 1135 977 986 885 642 789 945 851 567 520 924 725 540 971 872 1094 554 641 701 600 929 814 600 737 0 853 592 656 203
 178 1035 275 212 526 490 726 188 363 404 550 209 94 178 45 649 592 219 675 359 117 571 941 803 869 358 509 657 848 512 766 251 372 656 881 421 669 645 812 779 625 768 819 795 700 592 427 458 104 588 393 630 453 667 851 586 479 838 675 179 560 150 14 294 363 719 35 356 155 686 310 641 602 385 126 734 679 335 584 417 426 144 345 806 172 24 247 799 1036 283 310 512 720 572 655 853 0 656 411 771
 799 452 434 578 587 225 696 774 631 387 475 696 567 718 691 149 584 864 423 529 636 666 374 825 858 579 407 304 468 757 178 597 423 624 458 367 340 562 571 699 689 761 806 388 256 418 252 779 596 420 811 338 218 509 675 392 275 239 195 789 562 800 664 454 690 110 625 849 708 644 898 624 454 559 603 142 243 542 405 693 638 634 776 206 676 664 881 195 432 708 589 431 270 114 191 592 656 0 263 424
 563 668 188 334 497 115 662 545 416 190 426 452 325 471 448 295 458 622 398 322 387 578 581 783 833 370 279 321 582 623 391 360 214 584 595 259 348 469 623 689 617 725 778 508 380 344 108 621 348 342 620 376 64 445 707 323 212 449 298 555 494 555 419 265 520 332 382 646 481 545 673 509 372 355 355 345 315 322 230 541 498 387 585 427 430 419 633 417 654 510 410 304 358 185 279 656 411 263 0 515
