14 5

 0 215 144 219 166 161 223 229 162 130 211 247 213 227
 215 0 157 239 156 179 235 245 181 117 237 272 227 212
 144 157 0 145 81 46 143 133 54 80 174 182 146 178
 219 239 145 0 160 125 203 197 125 140 211 226 198 238
 166 156 81 160 0 103 176 182 112 70 209 233 177 165
 161 179 46 125 103 0 166 151 31 106 184 175 167 203
 223 235 143 203 176 166 0 199 136 128 225 245 192 226
 229 245 133 197 182 151 199 0 121 140 225 236 200 238
 162 181 54 125 112 31 136 121 0 109 182 169 169 207
 130 117 80 140 70 106 128 140 109 0 179 210 155 129
 211 237 174 211 209 184 225 225 182 179 0 226 214 244
 247 272 182 226 233 175 245 236 169 210 226 0 238 276
 213 227 146 198 177 167 192 200 169 155 214 238 0 223
 227 212 178 238 165 203 226 238 207 129 244 276 223 0

 0 214 244 224 261 162 121 229 165 225 210 146 215 125
 214 0 257 244 251 180 133 245 184 212 236 171 229 110
 244 257 0 217 243 114 108 200 124 242 240 148 215 143
 224 244 217 0 258 129 104 200 131 238 213 128 203 139
 261 251 243 258 0 168 138 246 179 229 272 196 243 127
 162 180 114 129 168 0 64 151 34 201 183 74 169 101
 121 133 108 104 138 64 0 131 71 155 156 76 126 56
 229 245 200 200 246 151 131 0 124 235 224 135 202 136
 165 184 124 131 179 34 71 124 0 206 183 70 173 107
 225 212 242 238 229 201 155 235 206 0 242 173 221 91
 210 236 240 213 272 183 156 224 183 242 0 125 216 142
 146 171 148 128 196 74 76 135 70 173 125 0 173 107
 215 229 215 203 243 169 126 202 173 221 216 173 0 122
 125 110 143 139 127 101 56 136 107 91 142 107 122 0

 0 152 178 61 194 199 159 166 192 158 142 83 53 158
 152 0 258 148 251 284 238 249 278 212 235 175 134 210
 178 258 0 118 240 215 210 201 215 239 236 149 117 240
 61 148 118 0 191 166 142 137 158 171 145 65 41 172
 194 251 240 191 0 268 239 246 269 225 267 196 144 223
 199 284 215 166 268 0 235 221 194 267 248 144 140 267
 159 238 210 142 239 235 0 202 232 222 222 147 98 223
 166 249 201 137 246 221 202 0 217 234 222 138 106 235
 192 278 215 158 269 194 232 217 0 265 241 133 137 266
 158 212 239 171 225 267 222 234 265 0 237 173 122 187
 142 235 236 145 267 248 222 222 241 237 0 125 117 238
 83 175 149 65 196 144 147 138 133 173 125 0 77 206
 53 134 117 41 144 140 98 106 137 122 117 77 0 156
 158 210 240 172 223 267 223 235 266 187 238 206 156 0

 0 52 84 158 192 198 64 70 195 57 144 179 149 159
 52 0 97 178 182 216 76 86 214 44 170 204 163 144
 84 97 0 153 176 152 53 43 156 76 176 183 151 179
 158 178 153 0 254 230 112 106 226 135 212 226 202 238
 192 182 176 254 0 266 143 149 271 123 268 291 239 223
 198 216 152 230 266 0 140 125 197 166 250 240 236 268
 64 76 53 112 143 140 0 42 171 57 160 179 130 160
 70 86 43 106 149 125 42 0 156 69 160 170 138 172
 195 214 156 226 271 197 171 156 0 166 245 231 235 269
 57 44 76 135 123 166 57 69 166 0 172 202 151 121
 144 170 176 212 268 250 160 160 245 172 0 222 214 240
 179 204 183 226 291 240 179 170 231 202 222 0 237 271
 149 163 151 202 239 236 130 138 235 151 214 237 0 221
 159 144 179 238 223 268 160 172 269 121 240 271 221 0

 0 151 82 156 97 195 65 166 102 64 43 182 150 64
 151 0 159 240 151 277 141 246 185 115 133 271 228 113
 82 159 0 148 78 146 51 136 60 80 72 183 149 81
 156 240 148 0 156 224 110 199 130 139 108 226 200 140
 97 151 78 156 0 198 79 180 113 65 102 229 175 63
 195 277 146 224 198 0 137 217 100 169 145 239 233 169
 65 141 51 110 79 137 0 137 77 63 58 181 130 64
 166 246 136 199 180 217 137 0 125 138 121 235 201 139
 102 185 60 130 113 100 77 125 0 109 80 170 172 110
 64 115 80 139 65 169 63 138 109 0 74 208 155 29
 43 133 72 108 102 145 58 121 80 74 0 156 146 76
 182 271 183 226 229 239 181 235 170 208 156 0 239 177
 150 228 149 200 175 233 130 201 172 155 146 239 0 125
 64 113 81 140 63 169 64 139 110 29 76 177 125 0

 0 94 90 94 92 86 108 106 98 102 110 102 114 110
 58 0 36 40 38 32 54 52 44 48 56 48 60 56
 46 28 0 28 26 20 42 40 32 36 44 36 48 44
 58 40 36 0 38 32 54 52 44 48 56 48 60 56
 52 34 30 34 0 26 48 46 38 42 50 42 54 50
 34 16 12 16 14 0 30 28 20 24 32 24 36 32
 100 82 78 82 80 74 0 94 86 90 98 90 102 98
 94 76 72 76 74 68 90 0 80 84 92 84 96 92
 70 52 48 52 50 44 66 64 0 60 68 60 72 68
 82 64 60 64 62 56 78 76 68 0 80 72 84 80
 106 88 84 88 86 80 102 100 92 96 0 96 108 104
 82 64 60 64 62 56 78 76 68 72 80 0 84 80
 118 100 96 100 98 92 114 112 104 108 116 108 0 116
 106 88 84 88 86 80 102 100 92 96 104 96 108 0

 0 108 104 104 92 80 94 90 94 106 96 80 86 86
 116 0 116 116 104 92 106 102 106 118 108 92 98 98
 104 108 0 104 92 80 94 90 94 106 96 80 86 86
 104 108 104 0 92 80 94 90 94 106 96 80 86 86
 68 72 68 68 0 44 58 54 58 70 60 44 50 50
 32 36 32 32 20 0 22 18 22 34 24 8 14 14
 74 78 74 74 62 50 0 60 64 76 66 50 56 56
 62 66 62 62 50 38 52 0 52 64 54 38 44 44
 74 78 74 74 62 50 64 60 0 76 66 50 56 56
 110 114 110 110 98 86 100 96 100 0 102 86 92 92
 80 84 80 80 68 56 70 66 70 82 0 56 62 62
 32 36 32 32 20 8 22 18 22 34 24 0 14 14
 50 54 50 50 38 26 40 36 40 52 42 26 0 32
 50 54 50 50 38 26 40 36 40 52 42 26 32 0

 0 30 22 36 36 36 16 14 18 34 18 12 22 24
 74 0 88 102 102 102 82 80 84 100 84 78 88 90
 50 72 0 78 78 78 58 56 60 76 60 54 64 66
 92 114 106 0 120 120 100 98 102 118 102 96 106 108
 92 114 106 120 0 120 100 98 102 118 102 96 106 108
 92 114 106 120 120 0 100 98 102 118 102 96 106 108
 32 54 46 60 60 60 0 38 42 58 42 36 46 48
 26 48 40 54 54 54 34 0 36 52 36 30 40 42
 38 60 52 66 66 66 46 44 0 64 48 42 52 54
 86 108 100 114 114 114 94 92 96 0 96 90 100 102
 38 60 52 66 66 66 46 44 48 64 0 42 52 54
 20 42 34 48 48 48 28 26 30 46 30 0 34 36
 50 72 64 78 78 78 58 56 60 76 60 54 0 66
 56 78 70 84 84 84 64 62 66 82 66 60 70 0

 0 20 20 24 24 22 36 30 14 12 14 16 16 14
 44 0 56 60 60 58 72 66 50 48 50 52 52 50
 44 56 0 60 60 58 72 66 50 48 50 52 52 50
 56 68 68 0 72 70 84 78 62 60 62 64 64 62
 56 68 68 72 0 70 84 78 62 60 62 64 64 62
 50 62 62 66 66 0 78 72 56 54 56 58 58 56
 92 104 104 108 108 106 0 114 98 96 98 100 100 98
 74 86 86 90 90 88 102 0 80 78 80 82 82 80
 26 38 38 42 42 40 54 48 0 30 32 34 34 32
 20 32 32 36 36 34 48 42 26 0 26 28 28 26
 26 38 38 42 42 40 54 48 32 30 0 34 34 32
 32 44 44 48 48 46 60 54 38 36 38 0 40 38
 32 44 44 48 48 46 60 54 38 36 38 40 0 38
 26 38 38 42 42 40 54 48 32 30 32 34 34 0

 0 72 44 62 56 68 58 64 72 44 54 50 60 64
 104 0 92 110 104 116 106 112 120 92 102 98 108 112
 20 36 0 26 20 32 22 28 36 8 18 14 24 28
 74 90 62 0 74 86 76 82 90 62 72 68 78 82
 56 72 44 62 0 68 58 64 72 44 54 50 60 64
 92 108 80 98 92 0 94 100 108 80 90 86 96 100
 62 78 50 68 62 74 0 70 78 50 60 56 66 70
 80 96 68 86 80 92 82 0 96 68 78 74 84 88
 104 120 92 110 104 116 106 112 0 92 102 98 108 112
 20 36 8 26 20 32 22 28 36 0 18 14 24 28
 50 66 38 56 50 62 52 58 66 38 0 44 54 58
 38 54 26 44 38 50 40 46 54 26 36 0 42 46
 68 84 56 74 68 80 70 76 84 56 66 62 0 76
 80 96 68 86 80 92 82 88 96 68 78 74 84 0