16 2

 0 237 239 250 126 190 132 241 176 180 147 228 115 259 125 179
 237 0 266 277 99 170 170 234 144 152 170 238 120 222 148 182
 239 266 0 197 160 165 104 226 167 165 95 219 134 262 110 134
 250 277 197 0 172 169 108 235 174 171 96 230 146 271 121 132
 126 99 160 172 0 111 96 170 88 95 100 169 48 166 76 118
 190 170 165 169 111 0 114 162 51 44 93 187 96 169 96 65
 132 170 104 108 96 114 0 174 116 115 46 162 72 208 50 86
 241 234 226 235 170 162 174 0 124 124 128 207 117 219 119 131
 176 144 167 174 88 51 116 124 0 30 98 180 81 141 92 83
 180 152 165 171 95 44 115 124 30 0 96 181 85 149 93 77
 147 170 95 96 100 93 46 128 98 96 0 156 73 196 49 60
 228 238 219 230 169 187 162 207 180 181 156 0 108 236 103 143
 115 120 134 146 48 96 72 117 81 85 73 108 0 165 49 94
 259 222 262 271 166 169 208 219 141 149 196 236 165 0 150 159
 125 148 110 121 76 96 50 119 92 93 49 103 49 150 0 79
 179 182 134 132 118 65 86 131 83 77 60 143 94 159 79 0

 0 72 75 83 64 116 72 80 206 213 179 61 52 96 153 116
 72 0 105 113 40 99 113 76 177 188 205 74 60 62 179 122
 75 105 0 34 102 95 48 69 201 202 131 56 75 103 142 75
 83 113 34 0 112 97 50 76 206 206 130 65 85 110 151 71
 64 40 102 112 0 109 108 81 190 200 204 74 57 75 176 127
 116 99 95 97 109 0 118 65 145 141 189 84 97 70 188 66
 72 113 48 50 108 118 0 86 219 221 151 68 82 118 151 96
 80 76 69 76 81 65 86 0 160 163 166 46 60 62 153 74
 206 177 201 206 190 145 219 160 0 197 264 147 152 112 254 154
 213 188 202 206 200 141 221 163 197 0 263 149 157 121 256 149
 179 205 131 130 204 189 151 166 264 263 0 124 145 168 212 132
 61 74 56 65 74 84 68 46 147 149 124 0 47 75 133 82
 52 60 75 85 57 97 82 60 152 157 145 47 0 74 149 103
 96 62 103 110 75 70 118 62 112 121 168 75 74 0 183 101
 153 179 142 151 176 188 151 153 254 256 212 133 149 183 0 148
 116 122 75 71 127 66 96 74 154 149 132 82 103 101 148 0

 0 24 34 34 28 28 18 14 14 30 28 24 24 22 16 8
 56 0 82 82 76 76 66 62 62 78 76 72 72 70 64 56
 86 102 0 112 106 106 96 92 92 108 106 102 102 100 94 86
 86 102 112 0 106 106 96 92 92 108 106 102 102 100 94 86
 68 84 94 94 0 88 78 74 74 90 88 84 84 82 76 68
 68 84 94 94 88 0 78 74 74 90 88 84 84 82 76 68
 38 54 64 64 58 58 0 44 44 60 58 54 54 52 46 38
 26 42 52 52 46 46 36 0 32 48 46 42 42 40 34 26
 26 42 52 52 46 46 36 32 0 48 46 42 42 40 34 26
 74 90 100 100 94 94 84 80 80 0 94 90 90 88 82 74
 68 84 94 94 88 88 78 74 74 90 0 84 84 82 76 68
 56 72 82 82 76 76 66 62 62 78 76 0 72 70 64 56
 56 72 82 82 76 76 66 62 62 78 76 72 0 70 64 56
 50 66 76 76 70 70 60 56 56 72 70 66 66 0 58 50
 32 48 58 58 52 52 42 38 38 54 52 48 48 46 0 32
 8 24 34 34 28 28 18 14 14 30 28 24 24 22 16 0

 0 42 22 26 40 34 30 26 24 40 42 42 26 42 24 16
 94 0 100 104 118 112 108 104 102 118 120 120 104 120 102 94
 34 60 0 44 58 52 48 44 42 58 60 60 44 60 42 34
 46 72 52 0 70 64 60 56 54 70 72 72 56 72 54 46
 88 114 94 98 0 106 102 98 96 112 114 114 98 114 96 88
 70 96 76 80 94 0 84 80 78 94 96 96 80 96 78 70
 58 84 64 68 82 76 0 68 66 82 84 84 68 84 66 58
 46 72 52 56 70 64 60 0 54 70 72 72 56 72 54 46
 40 66 46 50 64 58 54 50 0 64 66 66 50 66 48 40
 88 114 94 98 112 106 102 98 96 0 114 114 98 114 96 88
 94 120 100 104 118 112 108 104 102 118 0 120 104 120 102 94
 94 120 100 104 118 112 108 104 102 118 120 0 104 120 102 94
 46 72 52 56 70 64 60 56 54 70 72 72 0 72 54 46
 94 120 100 104 118 112 108 104 102 118 120 120 104 0 102 94
 40 66 46 50 64 58 54 50 48 64 66 66 50 66 0 40
 16 42 22 26 40 34 30 26 24 40 42 42 26 42 24 0