48 4

 0 69 92 76 79 38 64 64 73 34 79 76 42 67 61 65 66 42 74 56 42 66 44 439 75 30 64 75 50 78 39 87 89 35 51 438 60 59 138 70 76 31 37 74 172 78 80 76
 69 0 78 61 66 25 47 46 55 22 63 61 23 50 51 45 46 27 62 39 31 54 32 424 58 14 50 64 40 60 18 74 71 17 34 421 46 38 125 63 60 15 25 63 161 67 68 60
 92 78 0 76 71 40 57 55 62 34 79 74 29 64 60 56 57 40 72 46 46 67 44 436 69 22 56 73 46 67 28 79 78 30 45 432 57 52 133 67 67 27 37 68 177 78 80 72
 76 61 76 0 68 29 50 52 61 28 73 70 25 53 59 49 49 32 68 44 35 61 34 427 62 19 53 70 43 65 23 79 77 22 44 431 53 43 128 65 61 23 25 65 166 73 74 68
 79 66 71 68 0 30 55 56 62 26 71 70 26 58 59 50 56 37 66 44 36 59 40 431 65 25 59 74 46 67 24 77 72 25 41 433 53 44 129 70 65 20 32 68 167 77 76 70
 38 25 40 29 30 0 37 37 47 10 55 52 14 40 42 36 38 17 52 30 22 45 22 412 51 7 40 55 29 49 11 63 61 5 27 413 38 29 116 50 49 7 14 52 154 59 59 52
 64 47 57 50 55 37 0 45 56 17 66 62 24 48 51 46 45 24 59 40 33 54 29 422 58 15 49 66 36 60 20 73 69 13 33 421 45 38 127 58 56 15 22 63 161 66 69 62
 64 46 55 52 56 37 45 0 55 19 62 63 20 50 49 44 48 24 62 39 33 55 30 419 59 12 47 62 38 58 17 72 70 14 37 421 46 40 123 58 58 15 24 63 162 69 65 61
 73 55 62 61 62 47 56 55 0 24 67 62 25 52 51 46 48 28 64 42 37 54 33 427 64 21 50 65 42 61 25 72 69 18 37 426 51 40 129 61 59 22 25 62 168 70 73 63
 34 22 34 28 26 10 17 19 24 0 53 50 11 38 39 34 35 15 50 28 20 42 20 410 48 3 38 53 26 47 8 61 58 4 24 411 37 28 114 49 47 5 11 50 150 56 56 50
 79 63 79 73 71 55 66 62 67 53 0 66 29 58 54 53 56 30 70 49 40 64 36 425 68 25 54 71 46 65 24 77 74 18 46 428 58 47 132 65 65 20 29 71 170 71 74 70
 76 61 74 70 70 52 62 63 62 50 66 0 28 58 53 53 55 31 68 43 34 58 38 428 65 17 52 73 44 62 28 74 77 17 43 431 52 46 130 68 65 20 31 68 169 71 73 68
 42 23 29 25 26 14 24 20 25 11 29 28 0 39 40 35 36 17 51 29 21 44 21 411 50 4 40 55 27 48 9 62 59 5 25 412 38 29 115 49 48 6 13 52 151 57 57 51
 67 50 64 53 58 40 48 50 52 38 58 58 39 0 51 47 46 27 60 41 32 53 33 424 60 17 49 64 36 61 21 71 68 15 38 423 48 37 126 62 59 17 21 60 161 70 67 60
 61 51 60 59 59 42 51 49 51 39 54 53 40 51 0 46 46 29 64 42 30 54 33 421 62 18 51 64 39 58 21 73 68 15 35 423 47 41 126 62 62 20 26 64 164 67 69 60
 65 45 56 49 50 36 46 44 46 34 53 53 35 47 46 0 44 24 60 36 28 52 30 421 60 12 48 63 34 58 19 72 68 16 37 420 45 36 123 60 56 13 20 61 162 65 67 60
 66 46 57 49 56 38 45 48 48 35 56 55 36 46 46 44 0 27 60 39 31 54 30 421 57 12 49 63 36 56 18 69 67 14 36 420 45 39 127 59 57 14 22 61 159 66 65 59
 42 27 40 32 37 17 24 24 28 15 30 31 17 27 29 24 27 0 52 30 23 45 22 413 51 7 40 55 30 49 12 63 61 6 28 415 40 31 118 51 50 7 15 52 153 58 59 53
 74 62 72 68 66 52 59 62 64 50 70 68 51 60 64 60 60 52 0 47 34 59 40 424 68 23 55 68 41 61 22 77 71 23 44 430 52 43 133 65 61 20 28 67 167 73 73 68
 56 39 46 44 44 30 40 39 42 28 49 43 29 41 42 36 39 30 47 0 29 50 26 419 56 11 47 60 35 55 16 69 67 10 31 418 43 36 123 55 54 11 20 59 157 64 63 56
 42 31 46 35 36 22 33 33 37 20 40 34 21 32 30 28 31 23 34 29 0 48 26 414 53 9 43 57 30 51 12 66 62 8 29 417 41 32 119 52 51 10 16 54 155 61 61 55
 66 54 67 61 59 45 54 55 54 42 64 58 44 53 54 52 54 45 59 50 48 0 36 422 61 20 50 67 42 59 19 76 73 16 37 425 49 44 126 62 63 19 23 64 162 71 70 66
 44 32 44 34 40 22 29 30 33 20 36 38 21 33 33 30 30 22 40 26 26 36 0 415 52 8 43 58 30 52 13 64 62 9 29 417 40 32 118 52 51 10 16 55 155 62 61 55
 439 424 436 427 431 412 422 419 427 410 425 428 411 424 421 421 421 413 424 419 414 422 415 0 236 191 185 214 173 208 142 194 232 151 158 559 197 161 248 236 221 179 158 224 284 230 244 211
 75 58 69 62 65 51 58 59 64 48 68 65 50 60 62 60 57 51 68 56 53 61 52 236 0 21 54 69 42 62 23 80 72 23 42 429 53 45 132 68 63 24 30 69 168 72 69 66
 30 14 22 19 25 7 15 12 21 3 25 17 4 17 18 12 12 7 23 11 9 20 8 191 21 0 36 51 24 45 6 59 56 2 23 410 35 26 113 47 45 3 9 48 149 54 54 48
 64 50 56 53 59 40 49 47 50 38 54 52 40 49 51 48 49 40 55 47 43 50 43 185 54 36 0 66 38 61 19 70 71 15 35 422 46 37 129 60 60 19 24 62 160 70 66 62
 75 64 73 70 74 55 66 62 65 53 71 73 55 64 64 63 63 55 68 60 57 67 58 214 69 51 66 0 46 62 28 75 74 25 42 426 58 44 136 63 65 23 32 70 167 77 72 68
 50 40 46 43 46 29 36 38 42 26 46 44 27 36 39 34 36 30 41 35 30 42 30 173 42 24 38 46 0 55 16 69 65 11 32 418 43 35 122 54 56 12 18 59 158 63 63 56
 78 60 67 65 67 49 60 58 61 47 65 62 48 61 58 58 56 49 61 55 51 59 52 208 62 45 61 62 55 0 22 79 73 18 37 430 55 44 131 67 63 23 28 64 163 73 74 64
 39 18 28 23 24 11 20 17 25 8 24 28 9 21 21 19 18 12 22 16 12 19 13 142 23 6 19 28 16 22 0 60 57 3 24 411 36 28 115 48 47 5 11 50 151 56 56 50
 87 74 79 79 77 63 73 72 72 61 77 74 62 71 73 72 69 63 77 69 66 76 64 194 80 59 70 75 69 79 60 0 80 21 42 430 55 52 132 66 70 30 28 73 173 81 73 75
 89 71 78 77 72 61 69 70 69 58 74 77 59 68 68 68 67 61 71 67 62 73 62 232 72 56 71 74 65 73 57 80 0 27 46 435 58 49 132 72 69 28 34 72 174 78 72 70
 35 17 30 22 25 5 13 14 18 4 18 17 5 15 15 16 14 6 23 10 8 16 9 151 23 2 15 25 11 18 3 21 27 0 23 410 35 26 113 47 45 3 9 48 149 54 54 48
 51 34 45 44 41 27 33 37 37 24 46 43 25 38 35 37 36 28 44 31 29 37 29 158 42 23 35 42 32 37 24 42 46 23 0 418 42 34 122 54 55 13 18 56 158 64 63 57
 438 421 432 431 433 413 421 421 426 411 428 431 412 423 423 420 420 415 430 418 417 425 417 559 429 410 422 426 418 430 411 430 435 410 418 0 171 175 262 196 195 166 159 211 325 217 231 239
 60 46 57 53 53 38 45 46 51 37 58 52 38 48 47 45 45 40 52 43 41 49 40 197 53 35 46 58 43 55 36 55 58 35 42 171 0 38 128 60 57 14 20 59 163 70 66 64
 59 38 52 43 44 29 38 40 40 28 47 46 29 37 41 36 39 31 43 36 32 44 32 161 45 26 37 44 35 44 28 52 49 26 34 175 38 0 124 58 53 14 17 58 157 65 63 59
 138 125 133 128 129 116 127 123 129 114 132 130 115 126 126 123 127 118 133 123 119 126 118 248 132 113 129 136 122 131 115 132 132 113 122 262 128 124 0 98 93 51 61 93 200 102 99 96
 70 63 67 65 70 50 58 58 61 49 65 68 49 62 62 60 59 51 65 55 52 62 52 236 68 47 60 63 54 67 48 66 72 47 54 196 60 58 98 0 62 18 24 69 170 69 69 65
 76 60 67 61 65 49 56 58 59 47 65 65 48 59 62 56 57 50 61 54 51 63 51 221 63 45 60 65 56 63 47 70 69 45 55 195 57 53 93 62 0 18 29 68 167 70 74 66
 31 15 27 23 20 7 15 15 22 5 20 20 6 17 20 13 14 7 20 11 10 19 10 179 24 3 19 23 12 23 5 30 28 3 13 166 14 14 51 18 18 0 10 49 149 55 55 49
 37 25 37 25 32 14 22 24 25 11 29 31 13 21 26 20 22 15 28 20 16 23 16 158 30 9 24 32 18 28 11 28 34 9 18 159 20 17 61 24 29 10 0 52 151 57 57 51
 74 63 68 65 68 52 63 63 62 50 71 68 52 60 64 61 61 52 67 59 54 64 55 224 69 48 62 70 59 64 50 73 72 48 56 211 59 58 93 69 68 49 52 0 166 73 70 68
 172 161 177 166 167 154 161 162 168 150 170 169 151 161 164 162 159 153 167 157 155 162 155 284 168 149 160 167 158 163 151 173 174 149 158 325 163 157 200 170 167 149 151 166 0 103 118 117
 78 67 78 73 77 59 66 69 70 56 71 71 57 70 67 65 66 58 73 64 61 71 62 230 72 54 70 77 63 73 56 81 78 54 64 217 70 65 102 69 70 55 57 73 103 0 73 66
 80 68 80 74 76 59 69 65 73 56 74 73 57 67 69 67 65 59 73 63 61 70 61 244 69 54 66 72 63 74 56 73 72 54 63 231 66 63 99 69 74 55 57 70 118 73 0 67
 76 60 72 68 70 52 62 61 63 50 70 68 51 60 60 60 59 53 68 56 55 66 55 211 66 48 62 68 56 64 50 75 70 48 57 239 64 59 96 65 66 49 51 68 117 66 67 0

 0 45 42 33 32 178 40 27 63 85 27 39 36 36 24 84 86 42 28 18 65 41 42 65 529 33 36 351 40 45 43 59 72 22 37 67 63 26 25 42 67 15 69 52 22 45 46 67
 45 0 37 26 29 170 30 25 61 77 17 30 30 32 16 75 83 32 20 11 60 38 34 62 524 24 29 347 36 41 38 54 70 15 30 61 55 22 17 31 57 10 60 46 19 39 38 62
 42 37 0 25 30 168 31 25 62 79 17 31 32 32 15 76 82 34 20 12 63 36 35 62 526 24 32 346 38 39 39 57 68 14 33 62 56 25 22 32 59 11 60 48 18 38 40 62
 33 26 25 0 24 165 27 19 55 71 12 26 25 27 12 71 77 29 16 6 56 33 28 57 518 19 26 341 31 36 32 51 64 9 27 55 50 18 15 28 54 7 57 42 13 33 33 59
 32 29 30 24 0 167 27 19 56 73 13 27 25 28 13 74 79 28 18 9 58 35 28 59 521 20 27 342 32 37 34 51 66 10 27 56 51 19 16 29 54 9 57 44 13 35 34 59
 178 170 168 165 167 0 74 87 113 129 71 88 93 91 69 124 140 91 79 75 104 90 80 125 587 71 79 399 83 83 85 103 127 62 95 107 119 80 83 86 111 65 119 111 65 81 101 105
 40 30 31 27 27 74 0 21 57 75 15 27 28 32 15 73 81 29 17 10 58 35 29 58 520 23 29 343 33 37 34 52 65 11 30 57 52 21 16 31 55 8 58 45 17 35 34 59
 27 25 25 19 19 87 21 0 55 70 12 24 24 28 11 70 76 27 16 6 57 31 27 56 518 18 25 340 30 35 32 50 64 10 25 54 49 18 14 27 53 6 55 43 13 34 31 58
 63 61 62 55 56 113 57 55 0 87 30 36 36 39 25 87 91 42 33 22 69 50 45 67 529 31 39 359 48 49 50 63 81 24 39 72 61 31 32 42 71 24 70 57 30 49 48 72
 85 77 79 71 73 129 75 70 87 0 29 43 45 51 28 92 98 46 34 27 77 53 44 73 537 37 45 364 54 58 57 73 84 35 43 73 67 38 35 44 72 27 81 66 38 52 49 83
 27 17 17 12 13 71 15 12 30 29 0 22 22 25 8 69 75 25 13 4 53 30 25 54 515 16 23 338 28 32 30 47 61 7 23 52 47 15 12 25 51 4 53 40 10 31 30 55
 39 30 31 26 27 88 27 24 36 43 22 0 27 30 12 73 78 29 18 9 60 36 30 58 521 20 29 342 32 36 33 54 66 13 27 57 54 19 17 30 55 8 59 44 16 35 36 61
 36 30 32 25 25 93 28 24 36 45 22 27 0 31 13 73 81 29 17 8 58 34 30 60 520 21 27 345 33 39 33 51 65 11 28 56 52 19 16 31 57 8 60 46 15 36 33 60
 36 32 32 27 28 91 32 28 39 51 25 30 31 0 13 76 81 32 20 9 58 37 32 59 520 21 31 343 35 38 37 55 67 12 31 59 53 21 17 31 58 9 61 45 16 38 34 61
 24 16 15 12 13 69 15 11 25 28 8 12 13 13 0 68 74 25 13 3 53 29 25 53 515 16 23 338 27 32 29 47 60 6 23 51 47 14 11 24 50 3 53 39 9 31 29 55
 84 75 76 71 74 124 73 70 87 92 69 73 73 76 68 0 94 48 39 32 75 53 46 73 537 37 47 358 56 52 49 69 82 30 49 71 69 40 39 53 76 32 73 61 33 50 51 81
 86 83 82 77 79 140 81 76 91 98 75 78 81 81 74 94 0 56 36 27 77 58 51 79 546 39 52 364 59 54 60 71 84 35 52 73 76 40 37 53 72 35 77 71 38 52 51 76
 42 32 34 29 28 91 29 27 42 46 25 29 29 32 25 48 56 0 20 10 58 35 30 60 523 22 30 343 35 37 35 52 66 13 29 57 55 22 18 30 56 10 58 45 17 37 36 60
 28 20 20 16 18 79 17 16 33 34 13 18 17 20 13 39 36 20 0 6 55 31 27 55 517 17 24 339 29 33 31 48 63 8 25 53 48 16 12 26 52 5 55 42 12 32 30 56
 18 11 12 6 9 75 10 6 22 27 4 9 8 9 3 32 27 10 6 0 51 27 23 51 513 14 21 336 26 30 27 45 59 5 21 50 45 12 9 23 48 2 51 38 8 29 27 53
 65 60 63 56 58 104 58 57 69 77 53 60 58 58 53 75 77 58 55 51 0 45 41 74 535 30 44 358 49 53 44 62 78 24 39 73 65 32 26 46 70 20 71 54 31 50 50 69
 41 38 36 33 35 90 35 31 50 53 30 36 34 37 29 53 58 35 31 27 45 0 31 63 524 23 30 347 35 39 39 55 69 14 33 60 54 21 19 35 58 13 63 48 18 40 36 63
 42 34 35 28 28 80 29 27 45 44 25 30 30 32 25 46 51 30 27 23 41 31 0 59 522 23 30 345 35 37 36 52 68 12 30 59 53 20 17 31 56 9 60 46 15 36 35 60
 65 62 62 57 59 125 58 56 67 73 54 58 60 59 53 73 79 60 55 51 74 63 59 0 533 30 39 356 45 52 47 68 82 26 39 73 68 32 31 39 66 18 73 56 26 48 47 69
 529 524 526 518 521 587 520 518 529 537 515 521 520 520 515 537 546 523 517 513 535 524 522 533 0 218 243 575 230 201 266 250 263 226 209 237 216 183 197 193 236 189 273 259 212 267 215 257
 33 24 24 19 20 71 23 18 31 37 16 20 21 21 16 37 39 22 17 14 30 23 23 30 218 0 26 340 30 34 32 50 64 9 26 55 50 16 14 27 52 6 56 42 13 33 31 58
 36 29 32 26 27 79 29 25 39 45 23 29 27 31 23 47 52 30 24 21 44 30 30 39 243 26 0 343 35 37 36 52 66 14 28 58 54 19 16 30 55 9 60 44 15 38 34 60
 351 347 346 341 342 399 343 340 359 364 338 342 345 343 338 358 364 343 339 336 358 347 345 356 575 340 343 0 137 142 172 201 204 116 166 183 168 168 165 179 171 113 207 171 164 162 150 175
 40 36 38 31 32 83 33 30 48 54 28 32 33 35 27 56 59 35 29 26 49 35 35 45 230 30 35 137 0 40 38 56 70 16 29 58 56 23 20 31 57 10 62 48 18 37 38 64
 45 41 39 36 37 83 37 35 49 58 32 36 39 38 32 52 54 37 33 30 53 39 37 52 201 34 37 142 40 0 39 55 69 15 32 59 57 23 21 33 60 13 63 50 20 39 37 64
 43 38 39 32 34 85 34 32 50 57 30 33 33 37 29 49 60 35 31 27 44 39 36 47 266 32 36 172 38 39 0 54 68 14 31 61 54 23 21 34 58 10 60 49 20 40 37 64
 59 54 57 51 51 103 52 50 63 73 47 54 51 55 47 69 71 52 48 45 62 55 52 68 250 50 52 201 56 55 54 0 76 25 36 64 65 30 28 43 66 22 69 55 26 49 46 73
 72 70 68 64 66 127 65 64 81 84 61 66 65 67 60 82 84 66 63 59 78 69 68 82 263 64 66 204 70 69 68 76 0 25 40 76 70 39 28 45 67 24 70 64 28 51 46 72
 22 15 14 9 10 62 11 10 24 35 7 13 11 12 6 30 35 13 8 5 24 14 12 26 226 9 14 116 16 15 14 25 25 0 22 51 46 14 10 24 49 3 52 39 9 30 28 54
 37 30 33 27 27 95 30 25 39 43 23 27 28 31 23 49 52 29 25 21 39 33 30 39 209 26 28 166 29 32 31 36 40 22 0 57 54 19 18 32 57 10 60 45 16 37 36 62
 67 61 62 55 56 107 57 54 72 73 52 57 56 59 51 71 73 57 53 50 73 60 59 73 237 55 58 183 58 59 61 64 76 51 57 0 61 35 32 40 64 19 67 55 30 51 48 69
 63 55 56 50 51 119 52 49 61 67 47 54 52 53 47 69 76 55 48 45 65 54 53 68 216 50 54 168 56 57 54 65 70 46 54 61 0 30 24 43 64 22 70 58 22 47 46 70
 26 22 25 18 19 80 21 18 31 38 15 19 19 21 14 40 40 22 16 12 32 21 20 32 183 16 19 168 23 23 23 30 39 14 19 35 30 0 13 28 52 7 55 43 11 32 32 57
 25 17 22 15 16 83 16 14 32 35 12 17 16 17 11 39 37 18 12 9 26 19 17 31 197 14 16 165 20 21 21 28 28 10 18 32 24 13 0 26 51 5 54 40 10 31 30 56
 42 31 32 28 29 86 31 27 42 44 25 30 31 31 24 53 53 30 26 23 46 35 31 39 193 27 30 179 31 33 34 43 45 24 32 40 43 28 26 0 58 11 60 46 15 37 36 62
 67 57 59 54 54 111 55 53 71 72 51 55 57 58 50 76 72 56 52 48 70 58 56 66 236 52 55 171 57 60 58 66 67 49 57 64 64 52 51 58 0 23 67 58 23 44 49 68
 15 10 11 7 9 65 8 6 24 27 4 8 8 9 3 32 35 10 5 2 20 13 9 18 189 6 9 113 10 13 10 22 24 3 10 19 22 7 5 11 23 0 51 38 8 29 27 53
 69 60 60 57 57 119 58 55 70 81 53 59 60 61 53 73 77 58 55 51 71 63 60 73 273 56 60 207 62 63 60 69 70 52 60 67 70 55 54 60 67 51 0 54 29 45 44 76
 52 46 48 42 44 111 45 43 57 66 40 44 46 45 39 61 71 45 42 38 54 48 46 56 259 42 44 171 48 50 49 55 64 39 45 55 58 43 40 46 58 38 54 0 22 41 44 69
 22 19 18 13 13 65 17 13 30 38 10 16 15 16 9 33 38 17 12 8 31 18 15 26 212 13 15 164 18 20 20 26 28 9 16 30 22 11 10 15 23 8 29 22 0 31 29 55
 45 39 38 33 35 81 35 34 49 52 31 35 36 38 31 50 52 37 32 29 50 40 36 48 267 33 38 162 37 39 40 49 51 30 37 51 47 32 31 37 44 29 45 41 31 0 36 64
 46 38 40 33 34 101 34 31 48 49 30 36 33 34 29 51 51 36 30 27 50 36 35 47 215 31 34 150 38 37 37 46 46 28 36 48 46 32 30 36 49 27 44 44 29 36 0 64
 67 62 62 59 59 105 59 58 72 83 55 61 60 61 55 81 76 60 56 53 69 63 60 69 257 58 60 175 64 64 64 73 72 54 62 69 70 57 56 62 68 53 76 69 55 64 64 0

 0 25 65 54 439 28 75 10 9 87 14 32 52 50 10 47 12 606 18 40 37 59 65 12 76 18 63 48 43 360 42 58 29 80 60 45 39 36 30 257 9 19 12 61 45 72 32 16
 25 0 62 52 439 27 74 7 9 87 13 31 53 46 8 44 12 605 17 38 33 58 63 10 75 17 62 46 41 358 40 58 27 78 59 44 39 36 27 255 9 19 10 57 42 70 30 13
 65 62 0 67 454 38 89 23 27 103 28 46 67 60 20 63 23 622 27 51 45 73 81 24 94 33 77 59 60 376 58 69 43 96 75 58 51 48 41 273 27 34 28 69 58 83 42 26
 54 52 67 0 450 38 82 18 16 100 26 39 65 58 22 55 19 613 27 50 45 71 75 21 88 28 70 54 53 369 49 71 40 91 66 54 52 46 36 266 19 32 23 69 55 78 44 26
 439 439 454 450 0 177 211 188 174 266 193 196 217 198 188 239 162 742 153 218 171 209 244 177 256 196 199 211 221 523 191 252 193 243 238 223 189 230 193 391 174 184 161 238 223 221 211 193
 28 27 38 38 177 0 75 8 10 86 14 31 52 49 8 45 11 605 18 38 33 58 64 12 78 16 63 45 41 358 40 58 28 77 57 42 38 36 29 255 8 20 10 58 42 72 32 14
 75 74 89 82 211 75 0 28 32 102 28 48 69 69 24 66 33 621 38 54 58 73 84 29 100 31 78 63 59 378 57 75 48 93 82 67 54 59 50 274 26 39 25 73 60 94 53 28
 10 7 23 18 188 8 28 0 2 80 6 24 45 41 2 38 5 599 9 32 27 51 57 5 69 9 56 39 35 351 33 51 21 71 51 36 32 29 21 248 2 12 3 51 36 63 24 6
 9 9 27 16 174 10 32 2 0 80 6 24 45 41 2 38 5 599 9 32 27 51 57 5 69 9 56 39 35 351 33 51 21 71 51 36 32 29 21 248 2 12 3 51 36 63 24 6
 87 87 103 100 266 86 102 80 80 0 37 50 79 77 35 71 36 630 43 68 58 80 86 41 98 38 84 65 63 377 64 82 55 104 80 73 60 62 52 284 35 46 32 77 67 97 58 37
 14 13 28 26 193 14 28 6 6 37 0 26 47 42 3 39 6 601 11 33 29 53 59 6 71 11 57 41 36 353 35 53 23 72 53 38 33 30 23 250 4 14 5 53 38 65 26 8
 32 31 46 39 196 31 48 24 24 50 26 0 53 48 11 45 14 609 17 42 37 59 65 14 78 20 63 49 44 359 42 59 29 81 60 45 41 38 30 257 9 22 14 59 44 73 33 17
 52 53 67 65 217 52 69 45 45 79 47 53 0 61 22 52 19 615 24 46 42 71 75 25 89 25 76 55 53 370 52 67 40 91 66 54 46 49 39 268 19 27 21 71 51 78 42 25
 50 46 60 58 198 49 69 41 41 77 42 48 61 0 17 51 23 613 26 49 45 68 71 20 86 26 73 53 50 364 47 67 35 84 65 54 46 42 35 261 20 25 17 64 50 80 38 24
 10 8 20 22 188 8 24 2 2 35 3 11 22 17 0 38 5 599 9 32 27 51 57 5 69 9 56 39 35 351 33 51 21 71 51 36 32 29 21 248 2 12 3 51 36 63 24 6
 47 44 63 55 239 45 66 38 38 71 39 45 52 51 38 0 19 615 22 44 39 68 74 18 81 25 68 52 50 363 46 66 38 84 67 49 46 45 34 261 18 29 20 64 48 80 40 22
 12 12 23 19 162 11 33 5 5 36 6 14 19 23 5 19 0 600 10 33 28 52 58 6 71 10 57 40 36 352 34 52 22 72 52 37 33 30 22 249 3 13 5 52 38 64 25 7
 606 605 622 613 742 605 621 599 599 630 601 609 615 613 599 615 600 0 288 250 226 270 276 223 308 288 334 258 253 570 232 270 220 349 290 315 231 267 240 506 280 211 282 310 275 342 243 225
 18 17 27 27 153 18 38 9 9 43 11 17 24 26 9 22 10 288 0 34 31 54 60 7 72 12 58 42 38 354 36 55 24 73 54 39 34 32 24 250 5 15 6 54 39 67 27 9
 40 38 51 50 218 38 54 32 32 68 33 42 46 49 32 44 33 250 34 0 37 61 70 17 80 20 67 50 47 365 47 64 33 83 65 46 45 43 33 259 13 24 14 62 49 73 38 17
 37 33 45 45 171 33 58 27 27 58 29 37 42 45 27 39 28 226 31 37 0 62 68 15 78 21 66 49 47 362 45 63 30 82 60 45 44 41 30 256 10 24 12 63 48 72 35 16
 59 58 73 71 209 58 73 51 51 80 53 59 71 68 51 68 52 270 54 61 62 0 80 24 89 26 75 57 53 371 53 68 38 92 74 56 48 52 41 264 20 35 26 68 59 86 44 24
 65 63 81 75 244 64 84 57 57 86 59 65 75 71 57 74 58 276 60 70 68 80 0 23 89 28 80 61 61 373 52 71 45 91 75 58 54 47 43 268 24 31 22 73 55 82 43 25
 12 10 24 21 177 12 29 5 5 41 6 14 25 20 5 18 6 223 7 17 15 24 23 0 70 11 57 41 36 352 34 53 22 72 52 37 33 30 23 249 3 14 4 53 37 65 25 7
 76 75 94 88 256 78 100 69 69 98 71 78 89 86 69 81 71 308 72 80 78 89 89 70 0 36 85 68 57 383 58 78 50 95 80 68 54 53 48 270 24 37 35 76 63 95 47 35
 18 17 33 28 196 16 31 9 9 38 11 20 25 26 9 25 10 288 12 20 21 26 28 11 36 0 58 42 37 355 37 54 25 74 54 39 35 32 24 250 4 15 6 54 39 67 27 9
 63 62 77 70 199 63 78 56 56 84 57 63 76 73 56 68 57 334 58 67 66 75 80 57 85 58 0 61 56 371 57 73 39 96 71 58 50 48 43 271 27 34 23 73 56 87 46 26
 48 46 59 54 211 45 63 39 39 65 41 49 55 53 39 52 40 258 42 50 49 57 61 41 68 42 61 0 52 365 46 65 37 88 66 54 47 41 36 260 15 28 16 65 49 77 42 21
 43 41 60 53 221 41 59 35 35 63 36 44 53 50 35 50 36 253 38 47 47 53 61 36 57 37 56 52 0 367 47 67 34 84 63 49 47 43 32 263 15 26 15 64 49 74 36 20
 360 358 376 369 523 358 378 351 351 377 353 359 370 364 351 363 352 570 354 365 362 371 373 352 383 355 371 365 367 0 161 214 149 210 203 164 148 180 138 399 130 140 155 214 176 180 164 169
 42 40 58 49 191 40 57 33 33 64 35 42 52 47 33 46 34 232 36 47 45 53 52 34 58 37 57 46 47 161 0 66 36 85 64 50 42 39 35 261 15 26 14 62 47 78 38 21
 58 58 69 71 252 58 75 51 51 82 53 59 67 67 51 66 52 270 55 64 63 68 71 53 78 54 73 65 67 214 66 0 44 89 74 56 53 50 44 267 21 32 21 73 54 81 41 28
 29 27 43 40 193 28 48 21 21 55 23 29 40 35 21 38 22 220 24 33 30 38 45 22 50 25 39 37 34 149 36 44 0 78 59 43 39 38 30 254 8 21 12 58 43 70 33 15
 80 78 96 91 243 77 93 71 71 104 72 81 91 84 71 84 72 349 73 83 82 92 91 72 95 74 96 88 84 210 85 89 78 0 79 66 59 52 49 278 29 40 28 79 64 95 56 34
 60 59 75 66 238 57 82 51 51 80 53 60 66 65 51 67 52 290 54 65 60 74 75 52 80 54 71 66 63 203 64 74 59 79 0 53 53 48 44 267 23 32 26 68 53 80 46 23
 45 44 58 54 223 42 67 36 36 73 38 45 54 54 36 49 37 315 39 46 45 56 58 37 68 39 58 54 49 164 50 56 43 66 53 0 48 40 34 260 14 26 15 63 49 76 40 21
 39 39 51 52 189 38 54 32 32 60 33 41 46 46 32 46 33 231 34 45 44 48 54 33 54 35 50 47 47 148 42 53 39 59 53 48 0 41 33 260 15 26 15 61 47 76 36 19
 36 36 48 46 230 36 59 29 29 62 30 38 49 42 29 45 30 267 32 43 41 52 47 30 53 32 48 41 43 180 39 50 38 52 48 40 41 0 33 257 12 24 16 60 45 74 34 19
 30 27 41 36 193 29 50 21 21 52 23 30 39 35 21 34 22 240 24 33 30 41 43 23 48 24 43 36 32 138 35 44 30 49 44 34 33 33 0 256 9 19 12 58 45 70 33 14
 257 255 273 266 391 255 274 248 248 284 250 257 268 261 248 261 249 506 250 259 256 264 268 249 270 250 271 260 263 399 261 267 254 278 267 260 260 257 256 0 92 111 110 133 135 153 131 96
 9 9 27 19 174 8 26 2 2 35 4 9 19 20 2 18 3 280 5 13 10 20 24 3 24 4 27 15 15 130 15 21 8 29 23 14 15 12 9 92 0 12 3 51 36 63 24 6
 19 19 34 32 184 20 39 12 12 46 14 22 27 25 12 29 13 211 15 24 24 35 31 14 37 15 34 28 26 140 26 32 21 40 32 26 26 24 19 111 12 0 7 55 40 67 28 11
 12 10 28 23 161 10 25 3 3 32 5 14 21 17 3 20 5 282 6 14 12 26 22 4 35 6 23 16 15 155 14 21 12 28 26 15 15 16 12 110 3 7 0 52 37 64 25 7
 61 57 69 69 238 58 73 51 51 77 53 59 71 64 51 64 52 310 54 62 63 68 73 53 76 54 73 65 64 214 62 73 58 79 68 63 61 60 58 133 51 55 52 0 59 80 47 26
 45 42 58 55 223 42 60 36 36 67 38 44 51 50 36 48 38 275 39 49 48 59 55 37 63 39 56 49 49 176 47 54 43 64 53 49 47 45 45 135 36 40 37 59 0 79 40 19
 72 70 83 78 221 72 94 63 63 97 65 73 78 80 63 80 64 342 67 73 72 86 82 65 95 67 87 77 74 180 78 81 70 95 80 76 76 74 70 153 63 67 64 80 79 0 49 35
 32 30 42 44 211 32 53 24 24 58 26 33 42 38 24 40 25 243 27 38 35 44 43 25 47 27 46 42 36 164 38 41 33 56 46 40 36 34 33 131 24 28 25 47 40 49 0 14
 16 13 26 26 193 14 28 6 6 37 8 17 25 24 6 22 7 225 9 17 16 24 25 7 35 9 26 21 20 169 21 28 15 34 23 21 19 19 14 96 6 11 7 26 19 35 14 0

 0 70 70 28 51 13 68 52 30 23 58 24 24 47 43 27 108 73 2443 57 12 88 48 65 85 25 14 444 35 38 41 15 55 40 48 39 81 59 33 24 13 67 73 65 31 27 74 38
 70 0 82 33 55 22 75 60 43 31 68 30 28 55 55 42 118 79 2451 66 21 102 64 77 96 30 26 457 42 51 51 31 65 54 54 52 95 69 37 32 21 81 88 75 41 40 82 50
 70 82 0 37 56 20 79 61 35 32 63 33 29 60 50 33 118 82 2448 67 27 93 56 72 93 32 25 457 39 42 52 23 62 52 58 44 94 68 40 33 25 74 83 74 40 33 87 47
 28 33 37 0 41 7 60 42 21 16 50 13 14 40 33 21 99 64 2434 50 6 79 43 59 78 16 7 437 26 28 36 10 45 33 38 31 75 53 23 13 7 58 67 58 23 18 67 31
 51 55 56 41 0 13 70 53 33 28 59 24 23 48 42 28 107 70 2446 60 15 90 54 67 90 22 13 445 33 40 46 18 56 40 46 37 83 64 30 24 14 67 75 66 34 26 78 38
 13 22 20 7 13 0 54 38 17 12 45 9 9 36 29 15 93 59 2430 45 2 75 38 54 74 11 2 432 21 24 30 5 41 27 33 26 71 48 18 9 2 54 62 54 18 14 62 26
 68 75 79 60 70 54 0 62 39 33 70 30 34 54 46 33 112 78 2449 64 19 94 59 73 98 32 26 457 46 45 53 26 63 48 56 45 88 69 39 32 19 73 79 72 37 36 86 43
 52 60 61 42 53 38 62 0 32 29 58 21 22 48 44 27 105 71 2443 57 15 88 52 69 87 23 17 447 34 39 47 20 55 40 46 38 84 64 33 25 15 70 78 70 35 26 76 39
 30 43 35 21 33 17 39 32 0 18 52 15 14 43 34 22 100 64 2437 50 9 81 44 60 81 17 8 438 27 31 36 10 47 33 39 31 77 54 24 16 8 61 67 59 24 19 67 32
 23 31 32 16 28 12 33 29 18 0 49 14 13 40 34 19 98 63 2434 49 5 80 42 59 78 15 7 436 25 28 34 10 45 32 37 31 76 52 22 14 6 58 65 58 22 17 65 29
 58 68 63 50 59 45 70 58 52 49 0 25 28 51 45 34 109 79 2449 63 22 95 52 74 94 25 19 452 40 40 49 19 58 43 52 46 87 67 36 28 18 73 76 74 36 30 76 44
 24 30 33 13 24 9 30 21 15 14 25 0 12 39 31 18 96 62 2434 48 4 78 41 57 76 14 4 436 24 28 34 8 44 30 36 28 74 52 21 12 4 57 65 57 21 17 64 29
 24 28 29 14 23 9 34 22 14 13 28 12 0 39 32 18 96 61 2433 48 5 78 41 57 76 14 4 435 24 27 33 8 43 30 36 29 74 52 21 13 5 57 65 58 21 17 65 29
 47 55 60 40 48 36 54 48 43 40 51 39 39 0 44 30 107 75 2442 58 13 91 54 68 85 22 15 447 37 39 42 21 56 43 49 42 87 62 34 24 13 68 78 70 34 30 75 39
 43 55 50 33 42 29 46 44 34 34 45 31 32 44 0 25 106 68 2442 55 11 87 47 66 86 23 11 445 33 34 41 14 50 36 44 37 80 57 31 20 11 63 72 63 30 26 74 36
 27 42 33 21 28 15 33 27 22 19 34 18 18 30 25 0 99 65 2436 51 8 81 44 59 78 17 7 438 26 30 36 10 46 33 39 31 77 54 24 14 7 60 67 59 23 19 68 30
 108 118 118 99 107 93 112 105 100 98 109 96 96 107 106 99 0 98 2464 76 35 112 71 97 113 53 35 466 64 67 70 47 83 64 70 56 110 82 61 43 44 94 101 88 52 44 95 65
 73 79 82 64 70 59 78 71 64 63 79 62 61 75 68 65 98 0 2451 70 26 94 58 73 96 37 28 455 44 47 51 27 61 46 60 45 91 69 39 28 28 77 82 81 41 38 88 52
 2443 2451 2448 2434 2446 2430 2449 2443 2437 2434 2449 2434 2433 2442 2442 2436 2464 2451 0 936 1054 1047 928 1106 883 1063 1135 1323 912 1157 1082 895 1174 837 1166 916 1042 1020 828 819 973 864 952 864 990 1147 871 1159
 57 66 67 50 60 45 64 57 50 49 63 48 48 58 55 51 76 70 936 0 22 94 54 69 94 28 20 447 36 42 48 22 59 46 52 44 91 68 36 24 18 72 76 74 33 28 82 44
 12 21 27 6 15 2 19 15 9 5 22 4 5 13 11 8 35 26 1054 22 0 75 38 54 74 11 2 432 21 24 30 5 41 27 33 26 71 48 18 9 2 54 62 54 18 14 62 26
 88 102 93 79 90 75 94 88 81 80 95 78 78 91 87 81 112 94 1047 94 75 0 67 84 101 35 33 466 55 51 62 34 68 54 58 53 98 80 50 41 29 81 93 88 50 43 96 57
 48 64 56 43 54 38 59 52 44 42 52 41 41 54 47 44 71 58 928 54 38 67 0 69 89 26 18 444 33 40 46 21 53 39 45 42 85 61 30 22 14 70 76 71 31 26 75 42
 65 77 72 59 67 54 73 69 60 59 74 57 57 68 66 59 97 73 1106 69 54 84 69 0 96 33 21 455 40 45 53 29 58 52 51 50 90 73 39 32 23 72 81 72 37 38 81 48
 85 96 93 78 90 74 98 87 81 78 94 76 76 85 86 78 113 96 883 94 74 101 89 96 0 39 28 466 45 53 64 38 74 51 62 59 104 77 44 33 30 85 95 78 42 47 95 52
 25 30 32 16 22 11 32 23 17 15 25 14 14 22 23 17 53 37 1063 28 11 35 26 33 39 0 6 435 25 28 33 8 44 31 37 29 75 51 22 12 6 58 65 58 21 17 66 29
 14 26 25 7 13 2 26 17 8 7 19 4 4 15 11 7 35 28 1135 20 2 33 18 21 28 6 0 432 21 24 30 5 41 27 33 26 71 48 18 9 2 54 62 54 18 14 62 26
 444 457 457 437 445 432 457 447 438 436 452 436 435 447 445 438 466 455 1323 447 432 466 444 455 466 435 432 0 179 182 202 148 227 199 177 183 214 249 219 210 188 226 219 198 219 157 219 198
 35 42 39 26 33 21 46 34 27 25 40 24 24 37 33 26 64 44 912 36 21 55 33 40 45 25 21 179 0 33 39 11 48 36 42 33 80 57 27 18 10 61 68 63 25 22 69 32
 38 51 42 28 40 24 45 39 31 28 40 28 27 39 34 30 67 47 1157 42 24 51 40 45 53 28 24 182 33 0 39 12 50 38 42 35 80 58 29 20 12 63 69 62 26 24 71 35
 41 51 52 36 46 30 53 47 36 34 49 34 33 42 41 36 70 51 1082 48 30 62 46 53 64 33 30 202 39 39 0 18 50 37 43 39 83 58 31 19 15 67 72 66 28 26 71 35
 15 31 23 10 18 5 26 20 10 10 19 8 8 21 14 10 47 27 895 22 5 34 21 29 38 8 5 148 11 12 18 0 42 28 34 27 72 49 20 11 3 55 63 55 19 15 63 27
 55 65 62 45 56 41 63 55 47 45 58 44 43 56 50 46 83 61 1174 59 41 68 53 58 74 44 41 227 48 50 50 42 0 40 50 43 88 66 36 25 16 72 77 72 36 29 76 43
 40 54 52 33 40 27 48 40 33 32 43 30 30 43 36 33 64 46 837 46 27 54 39 52 51 31 27 199 36 38 37 28 40 0 43 36 83 57 27 20 13 64 70 63 28 26 73 38
 48 54 58 38 46 33 56 46 39 37 52 36 36 49 44 39 70 60 1166 52 33 58 45 51 62 37 33 177 42 42 43 34 50 43 0 37 84 60 32 22 15 65 76 68 30 25 73 40
 39 52 44 31 37 26 45 38 31 31 46 28 29 42 37 31 56 45 916 44 26 53 42 50 59 29 26 183 33 35 39 27 43 36 37 0 82 57 27 20 13 65 72 63 26 25 71 35
 81 95 94 75 83 71 88 84 77 76 87 74 74 87 80 77 110 91 1042 91 71 98 85 90 104 75 71 214 80 80 83 72 88 83 84 82 0 78 43 32 32 82 94 84 46 41 94 53
 59 69 68 53 64 48 69 64 54 52 67 52 52 62 57 54 82 69 1020 68 48 80 61 73 77 51 48 249 57 58 58 49 66 57 60 57 78 0 37 25 20 73 77 73 37 32 82 44
 33 37 40 23 30 18 39 33 24 22 36 21 21 34 31 24 61 39 828 36 18 50 30 39 44 22 18 219 27 29 31 20 36 27 32 27 43 37 0 17 8 62 69 60 26 21 68 31
 24 32 33 13 24 9 32 25 16 14 28 12 13 24 20 14 43 28 819 24 9 41 22 32 33 12 9 210 18 20 19 11 25 20 22 20 32 25 17 0 4 58 65 57 21 17 65 29
 13 21 25 7 14 2 19 15 8 6 18 4 5 13 11 7 44 28 973 18 2 29 14 23 30 6 2 188 10 12 15 3 16 13 15 13 32 20 8 4 0 54 62 54 18 14 62 26
 67 81 74 58 67 54 73 70 61 58 73 57 57 68 63 60 94 77 864 72 54 81 70 72 85 58 54 226 61 63 67 55 72 64 65 65 82 73 62 58 54 0 86 75 41 31 84 50
 73 88 83 67 75 62 79 78 67 65 76 65 65 78 72 67 101 82 952 76 62 93 76 81 95 65 62 219 68 69 72 63 77 70 76 72 94 77 69 65 62 86 0 82 46 38 82 52
 65 75 74 58 66 54 72 70 59 58 74 57 58 70 63 59 88 81 864 74 54 88 71 72 78 58 54 198 63 62 66 55 72 63 68 63 84 73 60 57 54 75 82 0 37 38 79 43
 31 41 40 23 34 18 37 35 24 22 36 21 21 34 30 23 52 41 990 33 18 50 31 37 42 21 18 219 25 26 28 19 36 28 30 26 46 37 26 21 18 41 46 37 0 20 68 32
 27 40 33 18 26 14 36 26 19 17 30 17 17 30 26 19 44 38 1147 28 14 43 26 38 47 17 14 157 22 24 26 15 29 26 25 25 41 32 21 17 14 31 38 38 20 0 66 30
 74 82 87 67 78 62 86 76 67 65 76 64 65 75 74 68 95 88 871 82 62 96 75 81 95 66 62 219 69 71 71 63 76 73 73 71 94 82 68 65 62 84 82 79 68 66 0 52
 38 50 47 31 38 26 43 39 32 29 44 29 29 39 36 30 65 52 1159 44 26 57 42 48 52 29 26 198 32 35 35 27 43 38 40 35 53 44 31 29 26 50 52 43 32 30 52 0

 0 63 38 29 54 35 48 59 63 33 66 65 38 59 47 60 27 39 38 35 54 49 43 44 55 48 45 42 60 61 26 45 31 59 36 36 39 59 58 58 53 48 39 40 55 59 44 43
 63 0 36 44 57 44 62 56 66 50 66 57 41 62 53 59 39 32 53 29 56 54 41 50 63 51 57 47 53 69 35 38 44 68 53 45 41 71 59 69 51 41 45 39 60 62 61 41
 51 57 0 25 46 31 38 48 46 28 52 48 24 54 35 48 21 24 36 23 45 35 32 27 44 44 39 39 44 50 21 27 21 57 29 30 36 54 54 48 35 32 29 29 42 57 36 28
 45 52 23 0 47 25 37 45 50 28 48 46 22 52 34 47 22 19 31 19 40 36 27 30 43 43 39 34 42 49 20 29 19 56 28 28 35 51 52 46 35 31 25 29 41 56 40 27
 57 63 32 39 0 32 57 61 54 32 65 54 30 61 47 65 27 39 39 38 55 51 35 44 50 55 57 49 50 57 31 41 33 67 43 48 39 65 60 54 40 43 39 45 46 62 54 42
 50 54 26 22 50 0 44 52 52 27 53 48 23 57 35 50 23 22 37 23 42 36 32 31 45 44 38 37 44 48 23 30 21 57 32 35 32 56 52 47 37 30 27 31 40 53 36 29
 56 59 34 33 55 32 0 60 59 32 59 54 36 56 37 51 22 30 46 32 50 46 35 39 46 46 51 47 54 51 27 39 27 59 39 33 37 61 63 61 38 39 31 33 46 65 48 38
 55 67 32 28 65 37 54 0 62 44 58 63 30 58 41 61 35 39 46 26 52 46 44 45 55 56 52 48 62 62 34 45 26 64 44 40 39 59 57 63 42 36 45 42 51 62 53 42
 52 65 35 36 66 43 46 61 0 42 55 63 32 69 54 63 25 31 43 27 60 52 39 38 58 60 46 54 55 66 32 43 36 62 37 45 41 69 63 60 44 40 35 46 50 66 54 41
 51 59 28 28 49 28 43 51 53 0 49 51 23 51 36 51 21 21 35 23 41 37 33 30 41 46 43 36 47 51 26 27 20 58 34 33 36 58 52 52 36 30 28 34 40 58 38 29
 61 73 36 39 61 39 45 53 67 33 0 64 40 69 47 58 29 29 45 33 49 48 38 37 57 49 55 54 59 58 35 35 36 64 41 38 51 59 64 58 51 48 34 40 60 62 47 49
 56 68 31 36 56 45 46 66 66 37 63 0 35 66 51 59 34 36 41 33 54 46 34 43 48 61 46 55 57 66 39 34 33 66 40 49 49 72 69 59 43 36 42 37 51 69 51 46
 47 56 24 21 48 28 38 48 48 28 46 46 0 56 32 48 20 23 35 22 42 37 26 26 43 41 37 35 45 48 24 29 19 52 32 28 33 51 49 48 35 29 30 28 39 57 38 28
 57 67 43 31 64 45 55 65 57 37 66 63 40 0 53 61 40 36 52 32 55 51 51 47 53 64 52 55 63 59 39 37 30 63 45 43 42 60 58 57 43 46 49 37 59 74 58 43
 52 55 36 27 48 35 40 50 50 29 58 51 31 60 0 57 27 27 39 24 50 40 39 37 47 49 40 44 52 54 27 30 26 60 38 35 35 57 54 50 40 39 29 36 43 55 39 31
 55 65 45 37 63 38 53 63 67 34 62 58 40 63 54 0 34 27 48 36 53 47 42 39 57 54 53 46 63 67 39 35 37 65 46 37 40 70 64 66 43 38 42 46 55 68 47 41
 44 52 22 21 44 24 35 46 48 27 45 44 21 51 31 46 0 18 31 17 41 34 25 28 39 40 36 34 42 46 21 27 18 53 29 30 32 51 50 47 34 29 26 29 40 52 35 26
 46 52 23 22 43 28 37 46 48 24 49 48 21 50 33 48 16 0 31 19 41 33 30 26 42 40 36 34 45 48 18 28 18 54 31 29 32 52 50 47 33 30 25 27 39 53 35 27
 51 55 31 26 47 31 48 52 54 33 55 50 25 58 38 53 27 25 0 22 46 38 29 30 43 44 41 37 52 57 22 31 29 60 33 39 35 54 50 57 41 39 33 38 50 55 39 38
 46 52 24 23 48 25 37 43 45 24 49 45 22 49 35 45 18 18 32 0 43 36 27 29 42 41 39 33 46 46 22 28 22 54 27 27 30 52 50 46 34 29 24 27 39 55 34 29
 53 63 36 35 57 40 46 50 54 35 60 58 38 65 38 55 28 27 40 27 0 43 44 42 55 56 46 42 58 57 36 41 29 61 37 43 37 62 53 57 48 39 41 44 56 61 53 36
 50 56 27 25 56 38 50 51 53 38 54 54 27 63 40 58 25 24 35 23 48 0 30 37 44 49 49 38 54 59 24 34 23 64 35 32 38 64 54 58 40 34 29 39 50 59 45 32
 46 59 25 22 46 30 44 50 54 31 48 48 24 57 38 51 21 26 38 24 41 41 0 32 44 47 40 39 46 51 25 32 27 58 30 32 32 54 56 51 38 33 31 33 44 58 43 30
 49 56 32 24 52 31 43 48 54 30 47 53 27 59 34 48 19 24 36 26 42 41 30 0 47 42 38 39 48 53 25 30 26 59 34 34 32 52 49 52 35 33 30 33 47 59 44 31
 62 68 29 36 62 42 48 57 57 42 55 56 39 57 40 53 26 29 38 31 52 43 41 38 0 46 53 48 57 63 26 35 28 59 34 37 40 56 60 54 38 34 34 39 56 60 46 45
 62 59 41 31 62 37 49 62 58 39 57 52 32 58 50 53 33 33 48 25 50 45 38 38 46 0 47 46 53 55 30 35 30 66 42 44 48 56 60 58 45 43 39 35 53 63 46 38
 56 59 28 31 56 34 45 56 58 34 57 57 27 55 43 51 27 33 37 33 53 39 42 39 55 53 0 44 58 59 33 38 25 67 43 43 37 55 53 53 38 43 31 41 47 59 41 33
 52 56 28 28 49 34 50 55 53 30 57 57 29 58 41 59 26 25 36 27 51 43 33 39 46 47 45 0 56 57 26 39 28 56 36 39 41 55 59 58 39 34 29 32 42 62 40 32
 51 67 36 32 55 44 46 56 53 34 54 65 41 58 39 60 25 30 39 32 55 47 46 33 58 50 47 48 0 62 26 43 37 65 43 39 44 65 58 54 52 36 39 39 50 63 50 37
 52 70 36 32 61 43 58 56 55 43 62 62 39 58 40 54 39 37 47 31 56 44 37 34 56 53 54 51 55 0 37 37 28 66 38 38 47 59 60 64 54 44 43 46 46 66 51 37
 47 51 23 20 44 24 37 43 45 28 48 45 23 52 33 46 16 18 30 19 42 35 30 30 39 41 36 37 42 46 0 28 18 52 29 29 31 49 50 48 36 30 24 27 40 51 36 27
 48 54 25 29 50 26 40 48 49 27 48 49 30 56 41 54 22 27 32 22 41 38 28 30 48 44 42 35 51 51 25 0 22 53 29 35 33 55 53 53 40 30 26 29 47 57 40 32
 43 55 25 23 43 27 37 47 49 25 49 46 25 49 32 49 17 18 30 21 42 37 27 28 39 40 37 36 44 49 20 29 0 53 31 29 31 54 48 48 35 27 26 31 41 54 37 28
 57 72 39 42 68 38 53 66 59 35 69 71 33 60 54 65 30 42 42 41 51 47 44 42 50 65 56 59 57 62 38 39 29 0 42 39 48 60 60 71 45 41 48 50 64 71 45 42
 51 61 33 23 46 27 46 47 55 27 50 48 29 54 41 49 22 28 38 23 49 39 30 35 47 49 40 38 45 54 22 35 25 59 0 36 33 56 56 54 40 35 29 30 42 54 42 35
 53 54 31 30 46 29 46 48 52 28 51 54 24 55 36 55 27 24 39 21 47 38 34 35 47 44 45 36 50 54 26 35 28 54 32 0 37 53 55 54 35 30 31 31 48 56 39 31
 56 62 30 27 50 28 40 52 54 28 55 49 28 54 41 54 29 29 37 27 50 42 30 32 51 45 40 37 54 52 26 35 28 55 31 35 0 60 53 57 38 31 32 36 47 57 38 31
 67 74 40 35 65 47 57 67 70 37 63 63 46 69 43 59 31 39 40 39 53 56 43 47 55 55 46 47 56 64 43 37 39 63 46 45 42 0 60 68 47 39 43 49 58 67 55 49
 62 60 46 36 64 36 59 57 58 37 54 54 37 64 41 58 27 38 45 41 55 48 42 43 49 54 52 45 59 68 34 40 31 68 49 36 45 63 0 67 43 49 44 47 59 73 51 42
 52 70 34 37 57 33 50 56 66 41 62 63 34 67 41 56 39 32 39 33 57 51 34 38 54 50 45 42 51 56 31 46 36 66 48 49 52 67 56 0 40 45 35 37 58 66 47 36
 48 56 35 32 50 28 45 48 50 30 52 50 28 59 44 58 24 27 39 24 48 46 35 34 45 45 47 42 51 58 30 31 28 61 40 40 38 63 55 55 0 31 32 40 44 57 41 34
 51 55 30 23 48 29 39 52 52 27 55 50 26 57 37 50 19 25 38 24 42 41 30 36 42 45 39 38 50 49 21 34 21 56 33 35 37 54 55 48 36 0 28 36 47 54 37 37
 46 57 30 25 49 26 38 50 52 30 50 50 29 56 38 48 23 26 35 25 43 36 28 27 41 43 40 36 49 48 25 33 23 56 29 30 36 52 51 50 35 30 0 29 42 56 40 30
 48 59 27 30 48 32 44 46 48 27 50 51 30 54 39 51 20 28 35 21 48 41 35 31 46 44 39 36 45 48 26 30 21 60 32 35 35 53 56 54 40 37 27 0 41 60 37 36
 51 59 36 31 51 39 53 53 60 38 60 51 29 67 42 57 34 35 46 31 46 47 37 38 52 45 45 50 58 55 25 41 24 60 33 41 39 67 57 61 47 34 39 40 0 59 52 40
 68 74 36 42 60 47 51 60 68 38 63 62 32 68 48 71 43 33 47 38 50 50 52 42 54 54 53 44 62 57 30 36 41 65 47 44 47 72 73 68 53 53 44 51 59 0 50 44
 56 57 30 31 50 34 47 49 51 31 54 50 27 57 37 59 29 24 43 23 50 47 37 34 45 52 41 42 49 56 27 33 28 66 39 42 44 60 54 54 40 35 29 33 46 62 0 42
 51 60 27 23 51 29 39 46 48 27 49 48 27 54 37 48 24 24 35 26 45 39 28 29 45 46 41 38 50 54 23 33 27 56 35 34 40 54 56 55 36 31 31 36 45 61 39 0

 0 59 36 44 32 60 58 35 30 52 56 33 38 28 40 39 35 44 31 39 63 35 62 27 36 36 43 45 53 47 29 36 60 62 50 55 39 39 32 35 36 47 62 46 62 38 40 56
 49 0 34 39 38 60 62 43 24 58 51 26 47 31 41 36 34 45 38 41 67 49 62 38 40 36 39 56 59 50 30 35 67 64 50 55 40 37 37 36 34 52 57 47 66 33 50 62
 45 48 0 31 31 45 55 27 21 48 43 20 37 22 33 29 22 38 30 29 49 30 50 20 36 24 37 43 50 34 18 28 50 51 45 51 26 31 27 29 26 37 54 32 58 30 35 52
 48 50 30 0 29 55 59 29 27 51 50 25 35 26 36 33 21 38 33 38 50 33 54 23 36 27 38 46 50 36 24 36 54 58 51 50 31 36 30 37 33 43 60 41 58 30 35 53
 41 46 29 31 0 50 56 29 19 43 45 26 36 27 31 32 22 43 28 33 55 31 48 23 34 25 32 40 52 34 22 33 51 53 48 52 31 31 28 33 32 39 59 33 59 27 40 53
 48 62 34 38 37 0 65 44 27 62 60 31 51 30 39 35 25 43 39 44 58 39 61 39 38 32 38 59 58 46 25 43 66 57 60 64 45 40 43 36 33 56 61 41 69 36 53 57
 57 63 45 47 50 60 0 48 30 54 50 28 44 33 50 35 27 51 45 38 63 47 57 42 53 36 41 51 56 44 32 42 72 69 52 63 48 38 36 41 47 57 60 53 66 33 45 59
 43 49 29 35 33 48 53 0 25 43 45 23 35 26 32 32 23 39 31 34 54 32 50 25 33 25 34 46 54 38 18 32 50 51 48 50 28 34 33 30 26 40 54 33 59 25 36 53
 42 43 24 31 28 45 50 25 0 42 42 17 31 22 30 24 20 37 25 27 49 31 46 19 30 23 30 39 48 35 16 29 50 46 41 49 27 27 25 30 22 36 53 30 50 24 31 48
 51 51 32 40 45 63 55 39 31 0 50 29 41 28 39 33 30 43 36 39 66 40 64 26 38 40 41 52 60 46 27 40 61 62 60 54 33 45 43 41 31 50 65 41 58 31 40 62
 52 57 32 36 33 57 59 36 26 48 0 33 39 36 38 36 31 49 43 41 58 42 58 26 46 42 37 49 63 51 34 44 65 58 55 55 33 42 40 38 39 54 60 37 68 34 46 61
 40 45 24 31 26 44 48 24 19 41 40 0 32 23 28 24 17 36 26 28 49 32 47 19 30 27 33 39 48 34 16 27 52 50 46 49 26 25 30 29 22 34 50 32 51 24 35 46
 48 51 29 39 38 48 61 33 23 54 47 24 0 27 33 33 26 40 34 31 56 36 52 27 36 32 41 49 58 40 21 40 54 57 50 51 33 32 30 40 33 41 54 39 61 35 38 54
 40 46 26 33 30 49 49 30 23 47 46 20 35 0 31 26 21 36 30 29 49 30 49 24 32 27 33 44 48 38 19 32 52 50 43 49 25 26 29 28 23 39 56 34 53 27 34 50
 44 49 30 33 33 55 52 27 24 47 47 22 41 29 0 33 24 41 29 36 56 34 54 22 32 34 40 41 50 36 20 31 58 54 51 50 29 32 33 31 31 39 55 34 58 33 38 54
 44 49 29 32 30 47 54 32 18 48 48 26 39 26 31 0 23 41 27 34 50 36 48 26 31 25 37 40 51 40 20 32 55 54 47 52 26 30 29 30 31 40 51 33 53 24 40 51
 39 43 24 31 29 46 50 23 18 40 40 18 32 24 31 27 0 35 25 29 49 28 46 17 30 24 33 41 47 32 17 26 49 46 41 46 25 27 27 28 25 38 50 31 50 24 31 47
 45 52 30 36 33 56 58 39 29 48 54 25 47 26 41 30 25 0 31 38 59 41 51 26 39 31 43 48 59 39 25 35 56 58 55 62 36 37 36 35 33 45 58 40 57 35 39 54
 46 47 26 31 32 48 53 32 25 45 43 21 40 28 31 32 21 43 0 34 55 31 48 23 33 29 32 43 53 36 22 29 52 50 45 53 26 34 28 35 25 42 58 33 58 30 38 48
 46 52 29 31 29 51 56 27 25 46 48 21 41 24 39 32 24 40 32 0 55 37 48 22 37 27 38 46 51 39 27 31 56 54 50 49 32 30 28 35 27 38 58 35 61 30 35 51
 48 54 39 49 46 67 61 41 27 57 58 37 48 30 50 33 35 48 41 44 0 45 68 27 38 36 47 54 67 52 34 42 63 63 58 63 40 47 49 44 39 48 71 50 74 41 55 63
 49 47 34 35 29 50 57 30 25 47 51 23 39 28 34 31 21 41 33 37 50 0 50 24 32 34 39 41 51 39 23 30 59 54 49 53 31 37 33 30 31 42 60 36 60 30 35 55
 60 55 35 38 38 59 61 45 34 57 58 32 52 35 45 39 25 43 35 38 66 45 0 35 41 38 47 55 56 49 39 46 63 63 57 63 34 42 41 46 32 48 61 52 73 43 41 67
 40 43 27 28 25 44 51 27 16 41 43 19 31 22 32 24 17 38 25 31 47 32 46 0 28 23 33 40 50 34 19 27 52 46 46 50 24 25 30 28 26 35 53 30 54 26 31 49
 43 53 31 40 36 49 56 34 21 47 44 23 42 29 36 28 24 42 29 34 54 33 50 28 0 32 34 41 52 36 26 36 57 54 49 57 32 30 34 37 31 42 58 37 59 28 35 57
 45 45 27 30 32 48 49 29 18 42 46 23 38 26 31 27 22 38 30 32 50 32 47 20 34 0 36 42 48 34 24 33 52 54 46 49 28 33 28 33 30 37 55 33 57 25 34 53
 48 46 34 32 33 47 54 34 22 49 45 22 37 27 32 30 25 47 28 32 54 39 55 22 37 31 0 50 53 35 28 35 56 55 52 57 31 38 36 38 29 39 60 34 63 33 39 52
 51 52 37 36 43 55 60 41 25 47 53 32 43 28 46 30 28 43 30 41 55 46 59 33 40 32 46 0 60 40 28 42 56 64 50 62 39 34 37 44 29 50 61 39 68 33 41 55
 58 62 33 52 37 67 57 37 30 55 59 40 43 31 43 43 35 52 47 47 64 52 54 30 38 33 39 59 0 41 34 39 70 65 58 70 46 49 35 42 34 56 61 47 71 33 45 67
 48 48 28 35 39 49 56 28 21 54 47 25 39 32 38 29 27 45 35 33 54 39 51 31 37 34 38 47 55 0 30 36 57 55 51 51 32 30 37 40 33 39 58 37 60 33 42 57
 41 41 25 30 28 46 50 24 16 42 41 20 32 23 30 27 19 34 24 27 50 28 46 18 30 26 33 37 48 33 0 28 47 47 42 46 23 25 25 30 22 35 52 29 52 22 31 49
