30 5

 0 27 10 33 249 24 16 27 22 41 35 24 34 24 30 28 25 31 39 379 16 43 7 15 21 40 24 23 31 27
 27 0 19 43 256 33 23 37 31 49 42 34 43 31 40 38 34 39 48 387 26 50 16 23 28 49 34 30 40 35
 10 19 0 35 251 26 18 28 24 42 36 25 36 25 32 30 27 33 40 382 18 46 10 17 22 42 25 24 34 29
 33 43 35 0 260 34 29 36 32 50 44 34 47 35 42 40 35 44 49 392 29 53 17 26 32 49 35 35 44 40
 249 256 251 260 0 121 122 140 136 138 123 129 148 113 135 134 106 120 152 468 130 132 113 112 110 146 129 136 129 108
 24 33 26 34 121 0 24 35 28 49 43 30 42 32 38 36 33 39 45 387 22 49 15 21 28 49 30 30 38 35
 16 23 18 29 122 24 0 32 26 45 38 28 38 28 34 32 30 36 43 384 21 48 11 19 25 44 27 26 36 31
 27 37 28 36 140 35 32 0 32 47 41 31 43 34 37 37 34 41 46 388 26 52 17 23 31 47 32 31 41 34
 22 31 24 32 136 28 26 32 0 47 42 29 42 31 38 36 31 39 45 387 22 50 13 23 29 46 29 28 38 34
 41 49 42 50 138 49 45 47 47 0 48 36 46 36 41 45 38 48 50 396 33 58 19 30 33 57 36 36 45 43
 35 42 36 44 123 43 38 41 42 48 0 35 47 37 39 41 35 43 51 391 30 57 18 27 31 53 37 33 44 36
 24 34 25 34 129 30 28 31 29 36 35 0 42 31 38 34 32 40 47 385 24 51 15 21 29 49 30 31 40 33
 34 43 36 47 148 42 38 43 42 46 47 42 0 35 41 38 36 41 50 391 29 57 20 28 32 54 34 36 43 40
 24 31 25 35 113 32 28 34 31 36 37 31 35 0 38 35 31 39 47 387 23 50 15 22 28 48 30 29 40 35
 30 40 32 42 135 38 34 37 38 41 39 38 41 38 0 40 33 43 47 387 28 55 16 26 30 51 32 30 43 37
 28 38 30 40 134 36 32 37 36 45 41 34 38 35 40 0 36 39 49 387 24 51 16 23 32 49 32 30 40 37
 25 34 27 35 106 33 30 34 31 38 35 32 36 31 33 36 0 39 47 388 26 50 14 21 27 50 30 32 38 33
 31 39 33 44 120 39 36 41 39 48 43 40 41 39 43 39 39 0 49 390 25 53 19 26 30 52 33 33 43 38
 39 48 40 49 152 45 43 46 45 50 51 47 50 47 47 49 47 49 0 395 30 59 23 28 33 52 36 36 47 40
 379 387 382 392 468 387 384 388 387 396 391 385 391 387 387 387 388 390 395 0 166 180 169 139 195 177 186 184 156 189
 16 26 18 29 130 22 21 26 22 33 30 24 29 23 28 24 26 25 30 166 0 47 12 19 26 44 28 27 35 31
 43 50 46 53 132 49 48 52 50 58 57 51 57 50 55 51 50 53 59 180 47 0 24 27 33 58 42 35 48 43
 7 16 10 17 113 15 11 17 13 19 18 15 20 15 16 16 14 19 23 169 12 24 0 16 21 41 25 23 32 28
 15 23 17 26 112 21 19 23 23 30 27 21 28 22 26 23 21 26 28 139 19 27 16 0 24 44 27 27 36 30
 21 28 22 32 110 28 25 31 29 33 31 29 32 28 30 32 27 30 33 195 26 33 21 24 0 46 29 28 38 32
 40 49 42 49 146 49 44 47 46 57 53 49 54 48 51 49 50 52 52 177 44 58 41 44 46 0 40 35 48 38
 24 34 25 35 129 30 27 32 29 36 37 30 34 30 32 32 30 33 36 186 28 42 25 27 29 40 0 30 37 33
 23 30 24 35 136 30 26 31 28 36 33 31 36 29 30 30 32 33 36 184 27 35 23 27 28 35 30 0 39 33
 31 40 34 44 129 38 36 41 38 45 44 40 43 40 43 40 38 43 47 156 35 48 32 36 38 48 37 39 0 36
 27 35 29 40 108 35 31 34 34 43 36 33 40 35 37 37 33 38 40 189 31 43 28 30 32 38 33 33 36 0

 0 42 55 19 50 41 39 15 46 29 20 15 36 43 43 20 36 17 39 31 29 263 38 34 340 44 44 44 41 30
 42 0 59 20 51 39 43 19 49 31 20 19 36 48 47 20 39 19 42 33 30 267 38 38 344 47 45 48 41 32
 55 59 0 24 57 47 49 19 49 37 28 25 44 48 51 28 42 26 50 37 37 268 44 39 350 48 52 52 45 38
 19 20 24 0 42 31 34 7 37 19 11 10 27 37 36 12 30 10 33 26 23 255 29 27 334 36 34 36 33 22
 50 51 57 42 0 41 44 18 48 30 21 24 39 47 48 25 42 24 48 40 37 265 38 39 348 49 47 46 44 32
 41 39 47 31 41 0 42 15 47 26 17 15 34 45 42 18 36 18 41 35 29 264 35 37 344 44 41 44 40 32
 39 43 49 34 44 42 0 15 45 30 21 19 34 45 45 19 37 17 40 35 30 265 35 37 341 43 45 46 41 31
 15 19 19 7 18 15 15 0 36 18 9 8 25 34 35 11 28 9 31 24 21 253 27 26 333 34 33 34 32 21
 46 49 49 37 48 47 45 36 0 28 22 22 38 47 49 22 41 23 44 35 32 265 38 35 343 49 46 44 46 34
 29 31 37 19 30 26 30 18 28 0 13 13 31 38 39 16 34 13 37 29 27 259 32 30 338 40 37 39 35 25
 20 20 28 11 21 17 21 9 22 13 0 9 26 36 35 12 30 10 33 25 22 254 28 26 334 36 34 35 33 22
 15 19 25 10 24 15 19 8 22 13 9 0 26 35 35 11 29 10 32 25 21 254 28 26 333 35 33 35 32 22
 36 36 44 27 39 34 34 25 38 31 26 26 0 44 41 18 36 16 38 31 28 263 33 32 342 44 40 41 38 30
 43 48 48 37 47 45 45 34 47 38 36 35 44 0 48 20 42 20 43 34 33 267 39 37 346 46 42 46 43 32
 43 47 51 36 48 42 45 35 49 39 35 35 41 48 0 24 39 19 42 36 31 263 40 35 343 47 46 46 41 31
 20 20 28 12 25 18 19 11 22 16 12 11 18 20 24 0 31 11 33 25 23 255 29 27 334 36 35 36 33 23
 36 39 42 30 42 36 37 28 41 34 30 29 36 42 39 31 0 18 39 32 30 263 38 33 343 42 40 43 41 28
 17 19 26 10 24 18 17 9 23 13 10 10 16 20 19 11 18 0 33 25 22 254 28 27 334 35 34 36 33 22
 39 42 50 33 48 41 40 31 44 37 33 32 38 43 42 33 39 33 0 32 32 264 39 35 343 45 42 46 41 29
 31 33 37 26 40 35 35 24 35 29 25 25 31 34 36 25 32 25 32 0 28 259 34 31 339 41 39 42 40 28
 29 30 37 23 37 29 30 21 32 27 22 21 28 33 31 23 30 22 32 28 0 261 33 30 338 39 39 40 37 27
 263 267 268 255 265 264 265 253 265 259 254 254 263 267 263 255 263 254 264 259 261 0 134 116 423 142 123 117 147 137
 38 38 44 29 38 35 35 27 38 32 28 28 33 39 40 29 38 28 39 34 33 134 0 35 342 44 41 42 41 29
 34 38 39 27 39 37 37 26 35 30 26 26 32 37 35 27 33 27 35 31 30 116 35 0 341 43 41 42 41 29
 340 344 350 334 348 344 341 333 343 338 334 333 342 346 343 334 343 334 343 339 338 423 342 341 0 143 142 187 162 141
 44 47 48 36 49 44 43 34 49 40 36 35 44 46 47 36 42 35 45 41 39 142 44 43 143 0 46 44 44 33
 44 45 52 34 47 41 45 33 46 37 34 33 40 42 46 35 40 34 42 39 39 123 41 41 142 46 0 46 41 32
 44 48 52 36 46 44 46 34 44 39 35 35 41 46 46 36 43 36 46 42 40 117 42 42 187 44 46 0 43 32
 41 41 45 33 44 40 41 32 46 35 33 32 38 43 41 33 41 33 41 40 37 147 41 41 162 44 41 43 0 32
 30 32 38 22 32 32 31 21 34 25 22 22 30 32 31 23 28 22 29 28 27 137 29 29 141 33 32 32 32 0

 0 36 34 42 48 9 36 27 23 46 29 28 19 42 24 38 9 32 61 15 33 14 12 34 22 42 24 24 9 27
 36 0 37 42 50 14 36 27 23 48 35 34 24 43 26 40 11 35 67 16 34 20 15 36 24 44 27 26 11 28
 34 37 0 42 48 12 36 30 25 48 32 30 21 42 28 38 12 34 65 15 34 20 15 36 26 43 24 25 14 29
 42 42 42 0 52 16 39 31 28 54 35 35 26 44 31 39 13 35 65 17 36 22 17 40 29 47 27 31 13 32
 48 50 48 52 0 18 40 32 30 54 39 36 30 47 29 41 18 36 68 21 42 25 18 41 33 49 29 33 14 34
 9 14 12 16 18 0 27 18 14 39 23 21 12 33 17 29 2 23 54 6 24 8 5 27 15 33 15 17 2 18
 36 36 36 39 40 27 0 29 26 48 31 30 22 44 27 39 14 35 66 15 36 18 15 36 24 42 27 29 14 29
 27 27 30 31 32 18 29 0 19 46 29 29 19 39 24 35 9 30 61 13 31 15 11 33 21 39 21 22 9 24
 23 23 25 28 30 14 26 19 0 45 28 26 17 39 21 33 7 27 59 10 28 12 10 31 21 38 20 21 7 24
 46 48 48 54 54 39 48 46 45 0 35 34 28 48 30 46 15 36 70 21 42 21 21 40 33 46 30 30 15 34
 29 35 32 35 39 23 31 29 28 35 0 29 21 41 26 38 9 32 61 16 34 15 14 35 22 40 25 26 9 27
 28 34 30 35 36 21 30 29 26 34 29 0 19 42 25 38 9 29 62 14 33 15 12 36 24 42 22 24 8 26
 19 24 21 26 30 12 22 19 17 28 21 19 0 38 20 33 6 26 58 11 28 12 9 31 20 38 19 22 6 22
 42 43 42 44 47 33 44 39 39 48 41 42 38 0 30 39 13 35 66 17 39 19 19 42 28 44 29 28 14 32
 24 26 28 31 29 17 27 24 21 30 26 25 20 30 0 36 9 30 61 13 30 15 10 33 21 40 22 22 9 24
 38 40 38 39 41 29 39 35 33 46 38 38 33 39 36 0 14 32 65 15 36 17 16 37 25 43 24 26 11 29
 9 11 12 13 18 2 14 9 7 15 9 9 6 13 9 14 0 23 54 6 24 8 5 27 15 33 15 17 2 18
 32 35 34 35 36 23 35 30 27 36 32 29 26 35 30 32 23 0 63 16 34 17 12 36 22 42 22 24 10 27
 61 67 65 65 68 54 66 61 59 70 61 62 58 66 61 65 54 63 0 27 43 30 26 46 36 58 34 36 23 36
 15 16 15 17 21 6 15 13 10 21 16 14 11 17 13 15 6 16 27 0 26 9 7 29 17 35 17 18 4 20
 33 34 34 36 42 24 36 31 28 42 34 33 28 39 30 36 24 34 43 26 0 17 14 38 26 42 23 24 11 26
 14 20 20 22 25 8 18 15 12 21 15 15 12 19 15 17 8 17 30 9 17 0 7 29 17 36 17 19 4 20
 12 15 15 17 18 5 15 11 10 21 14 12 9 19 10 16 5 12 26 7 14 7 0 28 16 34 16 18 3 19
 34 36 36 40 41 27 36 33 31 40 35 36 31 42 33 37 27 36 46 29 38 29 28 0 26 44 24 25 14 29
 22 24 26 29 33 15 24 21 21 33 22 24 20 28 21 25 15 22 36 17 26 17 16 26 0 38 20 22 7 24
 42 44 43 47 49 33 42 39 38 46 40 42 38 44 40 43 33 42 58 35 42 36 34 44 38 0 26 30 13 33
 24 27 24 27 29 15 27 21 20 30 25 22 19 29 22 24 15 22 34 17 23 17 16 24 20 26 0 23 7 23
 24 26 25 31 33 17 29 22 21 30 26 24 22 28 22 26 17 24 36 18 24 19 18 25 22 30 23 0 7 25
 9 11 14 13 14 2 14 9 7 15 9 8 6 14 9 11 2 10 23 4 11 4 3 14 7 13 7 7 0 18
 27 28 29 32 34 18 29 24 24 34 27 26 22 32 24 29 18 27 36 20 26 20 19 29 24 33 23 25 18 0

 0 47 30 30 47 46 45 34 39 38 46 39 36 42 41 36 18 42 15 38 40 27 21 36 34 44 16 16 39 45
 47 0 31 29 48 49 47 38 41 40 45 41 38 44 46 36 20 47 17 37 41 29 23 40 35 46 20 17 44 47
 30 31 0 25 41 44 40 31 33 35 40 34 31 36 36 30 13 38 8 31 36 21 13 33 30 39 12 12 34 40
 30 29 25 0 40 43 41 31 34 33 39 35 30 36 36 30 13 38 8 32 36 22 14 33 30 39 10 13 35 40
 47 48 41 40 0 48 47 40 43 39 46 38 35 43 43 36 20 45 14 38 41 26 23 40 35 47 18 22 44 49
 46 49 44 43 48 0 50 37 40 39 49 39 38 42 46 36 18 45 18 37 45 29 24 42 36 47 16 22 44 49
 45 47 40 41 47 50 0 37 43 40 49 40 37 43 46 37 17 43 13 40 46 28 23 37 37 45 19 20 41 44
 34 38 31 31 40 37 37 0 36 35 41 37 35 38 39 32 17 39 9 33 38 25 17 35 33 42 14 14 38 44
 39 41 33 34 43 40 43 36 0 39 42 36 33 41 39 35 17 42 12 38 41 26 17 38 36 42 15 16 40 44
 38 40 35 33 39 39 40 35 39 0 44 36 33 39 40 34 15 41 12 37 39 26 17 37 34 42 14 16 37 42
 46 45 40 39 46 49 49 41 42 44 0 41 35 41 42 35 17 45 15 37 44 30 18 38 36 46 16 21 39 45
 39 41 34 35 38 39 40 37 36 36 41 0 34 42 41 33 17 41 11 34 39 26 17 35 36 44 16 16 38 43
 36 38 31 30 35 38 37 35 33 33 35 34 0 40 38 32 16 40 9 35 40 26 17 34 35 41 13 17 37 42
 42 44 36 36 43 42 43 38 41 39 41 42 40 0 42 34 19 44 13 38 43 28 20 38 36 44 15 17 38 46
 41 46 36 36 43 46 46 39 39 40 42 41 38 42 0 36 19 42 11 35 40 28 21 36 36 46 16 16 39 46
 36 36 30 30 36 36 37 32 35 34 35 33 32 34 36 0 17 39 10 33 40 24 16 35 32 42 14 15 39 44
 18 20 13 13 20 18 17 17 17 15 17 17 16 19 19 17 0 34 3 27 32 17 10 27 26 35 7 8 30 35
 42 47 38 38 45 45 43 39 42 41 45 41 40 44 42 39 34 0 12 36 40 25 19 37 37 44 19 20 39 46
 15 17 8 8 14 18 13 9 12 12 15 11 9 13 11 10 3 12 0 26 30 15 8 26 24 33 5 6 29 33
 38 37 31 32 38 37 40 33 38 37 37 34 35 38 35 33 27 36 26 0 38 24 16 35 35 44 13 14 39 44
 40 41 36 36 41 45 46 38 41 39 44 39 40 43 40 40 32 40 30 38 0 28 20 35 37 45 18 18 38 44
 27 29 21 22 26 29 28 25 26 26 30 26 26 28 28 24 17 25 15 24 28 0 12 31 29 39 10 12 34 39
 21 23 13 14 23 24 23 17 17 17 18 17 17 20 21 16 10 19 8 16 20 12 0 28 26 35 7 9 31 35
 36 40 33 33 40 42 37 35 38 37 38 35 34 38 36 35 27 37 26 35 35 31 28 0 33 42 15 16 37 43
 34 35 30 30 35 36 37 33 36 34 36 36 35 36 36 32 26 37 24 35 37 29 26 33 0 43 15 14 36 44
 44 46 39 39 47 47 45 42 42 42 46 44 41 44 46 42 35 44 33 44 45 39 35 42 43 0 19 18 42 47
 16 20 12 10 18 16 19 14 15 14 16 16 13 15 16 14 7 19 5 13 18 10 7 15 15 19 0 7 30 34
 16 17 12 13 22 22 20 14 16 16 21 16 17 17 16 15 8 20 6 14 18 12 9 16 14 18 7 0 31 35
 39 44 34 35 44 44 41 38 40 37 39 38 37 38 39 39 30 39 29 39 38 34 31 37 36 42 30 31 0 44
 45 47 40 40 49 49 44 44 44 42 45 43 42 46 46 44 35 46 33 44 44 39 35 43 44 47 34 35 44 0

 0 11 39 30 23 56 44 44 17 32 40 42 51 13 34 27 38 44 51 48 42 48 38 47 34 20 408 28 36 30
 11 0 27 21 11 45 35 35 5 23 32 30 39 2 23 17 29 32 39 36 30 36 29 36 26 8 399 18 26 18
 39 27 0 30 23 54 47 43 14 31 44 41 48 13 31 28 39 41 49 45 39 47 39 48 35 19 411 30 38 27
 30 21 30 0 20 52 41 41 14 31 39 37 48 8 32 24 36 40 47 43 38 43 36 45 33 16 407 25 33 25
 23 11 23 20 0 48 39 38 9 27 35 33 43 5 26 21 32 35 43 40 34 39 32 39 29 12 403 21 30 22
 56 45 54 52 48 0 55 51 21 41 49 45 54 16 40 35 46 46 59 54 50 56 45 51 40 25 414 38 42 33
 44 35 47 41 39 55 0 48 19 37 44 42 53 13 38 28 43 47 52 49 42 50 40 48 37 22 412 34 40 34
 44 35 43 41 38 51 48 0 17 36 44 46 55 13 36 29 40 43 50 50 46 47 40 48 38 20 413 29 40 32
 17 5 14 14 9 21 19 17 0 24 33 31 40 3 24 18 30 33 40 37 31 38 30 38 27 9 401 19 27 19
 32 23 31 31 27 41 37 36 24 0 41 39 46 11 30 25 38 41 49 45 39 46 36 45 35 16 406 26 33 27
 40 32 44 39 35 49 44 44 33 41 0 42 51 15 37 30 42 45 49 48 42 50 40 50 37 22 413 31 38 28
 42 30 41 37 33 45 42 46 31 39 42 0 52 14 35 28 38 41 52 46 40 46 39 46 37 19 410 30 39 31
 51 39 48 48 43 54 53 55 40 46 51 52 0 19 35 32 45 45 55 54 48 51 45 50 41 24 412 36 43 36
 13 2 13 8 5 16 13 13 3 11 15 14 19 0 23 17 29 32 39 36 30 36 29 36 26 8 399 18 26 18
 34 23 31 32 26 40 38 36 24 30 37 35 35 23 0 26 37 41 46 43 38 44 38 46 33 16 407 27 35 27
 27 17 28 24 21 35 28 29 18 25 30 28 32 17 26 0 34 39 45 43 35 42 34 42 33 13 406 23 31 23
 38 29 39 36 32 46 43 40 30 38 42 38 45 29 37 34 0 41 50 49 39 48 41 47 37 20 411 31 37 28
 44 32 41 40 35 46 47 43 33 41 45 41 45 32 41 39 41 0 49 50 41 50 41 46 37 19 411 28 37 31
 51 39 49 47 43 59 52 50 40 49 49 52 55 39 46 45 50 49 0 50 45 52 46 49 42 23 412 34 42 32
 48 36 45 43 40 54 49 50 37 45 48 46 54 36 43 43 49 50 50 0 46 51 45 51 38 20 413 34 37 31
 42 30 39 38 34 50 42 46 31 39 42 40 48 30 38 35 39 41 45 46 0 48 39 47 37 17 412 31 39 29
 48 36 47 43 39 56 50 47 38 46 50 46 51 36 44 42 48 50 52 51 48 0 45 49 41 19 411 32 41 30
 38 29 39 36 32 45 40 40 30 36 40 39 45 29 38 34 41 41 46 45 39 45 0 47 36 18 410 31 35 31
 47 36 48 45 39 51 48 48 38 45 50 46 50 36 46 42 47 46 49 51 47 49 47 0 39 24 413 30 39 32
 34 26 35 33 29 40 37 38 27 35 37 37 41 26 33 33 37 37 42 38 37 41 36 39 0 17 410 29 37 29
 20 8 19 16 12 25 22 20 9 16 22 19 24 8 16 13 20 19 23 20 17 19 18 24 17 0 402 21 28 20
 408 399 411 407 403 414 412 413 401 406 413 410 412 399 407 406 411 411 412 413 412 411 410 413 410 402 0 164 211 151
 28 18 30 25 21 38 34 29 19 26 31 30 36 18 27 23 31 28 34 34 31 32 31 30 29 21 164 0 33 24
 36 26 38 33 30 42 40 40 27 33 38 39 43 26 35 31 37 37 42 37 39 41 35 39 37 28 211 33 0 29
 30 18 27 25 22 33 34 32 19 27 28 31 36 18 27 23 28 31 32 31 29 30 31 32 29 20 151 24 29 0

 0 29 14 27 30 24 21 27 24 16 21 33 27 29 23 24 23 32 31 30 28 13 21 13 29 23 30 26 31 13
 30 0 10 19 23 25 22 19 20 17 20 28 26 22 24 23 18 26 29 31 23 15 20 16 26 21 22 21 25 16
 22 16 0 16 19 18 13 15 14 9 15 21 20 18 17 17 14 21 23 22 18 7 14 7 21 17 19 17 19 7
 25 20 13 0 23 25 16 18 17 14 18 24 23 23 23 19 20 27 25 28 22 12 16 13 23 22 24 23 24 15
 33 24 12 20 0 23 24 22 18 19 23 30 30 23 22 22 21 27 30 30 24 18 19 14 25 21 23 24 26 12
 27 22 10 22 28 0 23 23 18 17 23 26 27 22 26 24 17 26 30 28 25 12 19 16 23 20 26 21 27 17
 25 19 12 19 26 21 0 21 16 15 16 24 22 21 21 19 17 25 26 28 20 12 16 13 25 21 24 21 26 11
 28 22 13 21 27 22 21 0 16 12 17 24 23 24 24 22 20 25 26 26 21 12 20 14 23 23 25 20 26 13
 28 23 11 19 22 22 18 17 0 13 19 25 26 23 19 21 19 27 28 28 22 11 16 10 22 21 22 21 24 10
 25 18 8 16 20 19 14 16 14 0 15 24 21 19 18 19 16 23 26 24 19 9 14 10 22 18 20 17 23 9
 27 21 8 20 24 22 16 17 16 13 0 25 22 23 19 21 17 25 26 28 23 10 16 11 24 22 22 22 22 11
 31 28 14 23 27 27 21 21 19 18 20 0 25 29 24 23 21 30 31 30 24 13 21 13 27 22 23 28 31 15
 29 27 14 24 24 28 23 24 21 16 22 27 0 23 25 24 24 29 28 27 24 12 24 18 28 21 26 24 25 16
 31 22 10 21 28 23 20 20 20 15 22 25 26 0 23 24 20 29 30 27 27 12 21 15 24 24 26 23 24 14
 29 23 13 18 27 25 19 22 18 16 17 25 24 25 0 21 22 25 29 27 24 12 18 14 24 24 23 21 28 14
 29 21 10 22 24 24 18 20 18 13 17 28 27 21 24 0 20 27 28 27 25 11 20 14 27 25 24 23 27 13
 27 22 11 21 23 22 16 21 20 13 16 26 24 21 22 22 0 23 26 25 20 10 16 10 22 20 24 21 24 10
 33 24 13 25 29 23 25 25 19 19 23 26 27 28 23 26 24 0 32 33 26 13 18 12 24 28 29 25 26 14
 28 22 16 24 25 24 24 25 19 18 21 29 27 30 29 28 25 26 0 32 23 20 23 16 32 27 24 23 29 18
 31 26 11 26 27 29 26 20 24 18 26 30 27 24 26 22 20 26 28 0 27 15 20 20 32 27 29 24 27 16
 27 20 14 19 26 24 17 20 22 15 23 26 26 25 24 23 20 30 28 26 0 14 18 12 27 20 25 23 27 13
 24 18 7 17 21 18 14 17 14 10 15 22 21 20 17 17 14 21 23 23 18 0 15 8 21 18 19 18 20 9
 27 19 8 18 24 24 20 17 18 14 18 25 24 21 19 23 18 24 27 25 22 12 0 12 24 19 23 21 25 12
 25 17 7 15 21 20 16 16 15 10 15 22 22 18 18 18 14 22 24 24 19 10 15 0 20 17 19 17 21 8
 28 22 11 20 28 25 24 20 22 15 18 30 24 26 21 25 18 28 28 29 23 12 22 13 0 24 27 25 28 12
 31 21 9 22 27 22 18 19 20 15 20 28 24 26 25 23 20 24 28 27 22 12 18 12 23 0 25 23 23 12
 28 20 13 21 29 24 22 23 21 17 21 29 27 22 21 23 18 28 27 27 24 13 23 15 26 21 0 23 26 14
 27 24 11 22 24 22 20 23 20 16 18 25 28 25 23 25 20 25 31 29 25 16 18 11 23 21 24 0 24 15
 27 21 14 20 29 24 22 22 23 18 24 29 28 27 22 25 23 26 31 31 27 15 23 13 25 23 26 22 0 13
 23 17 6 17 21 18 14 17 14 11 15 23 22 19 17 17 14 22 24 24 18 9 14 8 20 18 18 18 20 0

 0 24 23 16 25 22 22 22 16 17 16 12 12 17 22 10 19 23 21 13 26 11 18 25 20 19 13 9 21 10
 20 0 26 18 26 26 29 21 20 23 16 20 17 19 29 16 21 28 27 15 34 19 21 26 23 20 19 15 24 17
 22 26 0 21 27 24 24 25 19 23 16 18 14 19 28 15 20 25 28 16 27 16 22 26 25 21 17 12 28 13
 14 26 23 0 24 23 22 19 16 18 13 13 13 16 20 9 19 22 23 11 26 11 22 25 18 17 14 8 21 11
 18 31 25 17 0 26 28 28 16 26 18 19 12 23 25 15 23 24 25 17 30 14 22 29 25 21 18 13 25 14
 17 28 26 19 26 0 28 24 18 21 17 17 13 16 23 14 24 26 28 15 29 15 26 30 25 20 17 12 23 13
 22 27 30 16 31 27 0 22 18 20 16 17 13 17 24 15 24 25 25 17 27 12 25 31 25 21 18 12 24 16
 19 26 26 16 28 25 23 0 14 19 17 14 14 16 25 15 23 27 27 15 27 14 21 28 23 22 17 12 22 14
 15 24 23 14 25 19 22 19 0 18 12 13 9 16 19 11 19 24 23 10 26 11 19 23 18 16 13 7 21 11
 18 28 22 18 24 22 24 19 17 0 16 15 12 15 21 14 21 26 23 13 25 12 21 28 23 18 14 10 21 10
 15 24 22 14 23 21 24 19 15 17 0 13 10 15 19 10 16 22 23 12 25 9 21 24 18 18 14 7 19 11
 14 24 22 14 24 19 21 20 12 16 12 0 11 15 21 9 18 22 22 13 24 9 20 24 20 19 12 8 20 11
 12 22 20 13 22 19 20 17 11 16 12 12 0 12 20 9 16 21 21 10 23 8 18 22 17 15 12 7 18 9
 14 25 22 14 25 21 21 20 14 20 14 16 10 0 21 9 17 23 23 11 24 11 21 24 22 18 16 10 22 12
 17 25 27 20 27 26 23 22 18 20 17 18 13 21 0 16 21 25 26 17 27 11 21 27 22 22 18 14 23 14
 14 21 21 13 22 20 20 17 11 16 12 12 9 14 19 0 15 21 20 10 24 8 17 23 17 16 11 7 19 9
 16 28 23 15 24 24 26 22 13 20 13 15 13 19 23 10 0 25 22 16 26 12 24 26 20 22 14 9 21 12
 16 31 28 20 26 24 28 26 18 24 18 15 15 17 28 16 21 0 25 18 31 16 25 26 21 22 17 12 22 18
 19 27 24 16 29 28 30 25 16 24 16 15 13 21 26 12 23 29 0 19 29 14 27 27 26 23 16 16 23 13
 14 22 23 13 24 20 21 17 12 17 13 13 8 14 20 9 17 21 22 0 24 10 17 22 17 18 12 8 19 9
 17 30 28 20 33 24 28 22 16 23 19 18 16 17 24 15 24 29 28 20 0 13 23 33 23 23 18 14 30 15
 13 21 21 13 22 20 21 18 12 16 11 11 8 13 19 8 16 21 21 10 23 0 19 23 17 15 11 7 18 9
 16 28 24 19 24 22 25 23 15 19 14 17 11 15 24 16 23 26 27 15 26 12 0 25 20 22 14 13 22 12
 20 30 24 19 31 23 25 24 15 25 18 18 17 18 28 19 21 28 30 15 30 17 26 0 22 21 16 12 24 15
 18 25 26 16 28 22 24 25 19 20 16 14 14 18 25 14 19 24 24 12 27 15 23 28 0 23 18 9 22 15
 19 26 25 17 26 23 22 21 15 22 13 13 11 16 21 12 20 22 22 13 27 14 22 26 21 0 17 9 24 12
 15 25 24 16 24 22 23 19 12 18 12 15 12 15 20 9 16 21 24 11 26 11 18 24 18 16 0 7 22 10
 13 21 20 12 22 19 19 16 11 15 11 12 9 12 18 7 16 19 20 10 22 8 16 22 17 15 10 0 19 7
 20 25 23 19 29 27 29 21 16 19 18 17 17 18 26 12 23 28 27 17 28 12 25 26 20 23 17 15 0 17
 12 21 22 14 23 19 20 18 11 15 11 12 8 12 19 9 16 20 20 10 24 8 18 21 19 15 11 7 19 0

 0 19 25 16 13 18 24 23 14 21 17 23 11 18 18 18 13 20 28 27 19 24 26 24 29 21 22 16 21 10
 20 0 24 16 13 16 25 19 14 21 15 21 12 16 19 22 12 20 25 26 17 24 28 21 29 24 25 15 19 9
 25 25 0 17 15 21 25 21 20 26 20 27 18 20 20 25 16 23 29 33 24 26 33 28 30 29 28 18 23 12
 18 16 23 0 10 15 23 18 12 18 14 21 9 14 17 18 12 19 22 24 15 23 25 19 24 20 21 14 18 7
 18 17 23 12 0 15 21 17 11 18 12 19 9 11 15 17 10 18 20 24 14 22 24 19 24 19 18 12 19 7
 23 18 27 16 10 0 22 22 13 23 16 22 10 15 17 19 12 22 22 28 16 27 25 22 25 20 20 17 21 11
 21 22 31 17 14 24 0 21 19 24 16 26 14 21 20 22 14 22 26 32 20 26 29 22 27 24 24 19 21 14
 21 19 24 17 14 17 25 0 14 21 15 23 16 15 19 19 16 23 23 29 17 24 26 22 27 25 22 17 22 10
 19 16 22 15 9 15 21 19 0 18 15 20 12 14 16 18 12 18 21 24 17 22 27 21 25 21 22 14 18 7
 22 20 26 17 13 20 24 25 15 0 16 22 13 19 19 18 17 24 26 31 20 25 30 24 28 25 22 15 23 12
 18 16 24 13 10 16 23 19 13 20 0 21 12 12 18 17 11 20 23 24 15 23 24 21 24 20 21 15 18 9
 22 23 29 20 14 20 24 21 14 20 18 0 14 16 23 22 16 24 23 30 18 28 28 22 27 24 26 17 20 15
 18 16 22 12 9 14 20 17 11 17 12 20 0 12 17 17 11 17 20 23 15 21 23 19 25 19 20 11 17 6
 19 17 25 13 9 17 21 18 15 18 14 22 11 0 18 16 11 19 21 25 15 24 24 21 26 20 20 14 19 9
 23 19 27 17 14 17 22 20 16 22 15 22 12 15 0 22 14 22 23 25 17 26 26 24 28 22 22 17 22 12
 22 21 27 15 13 18 26 23 14 21 15 21 12 15 20 0 12 23 25 29 16 27 26 21 27 23 23 14 19 11
 19 17 23 11 9 16 22 17 12 19 11 19 9 14 16 17 0 18 22 23 15 23 26 19 24 20 20 12 18 7
 20 22 25 17 14 20 24 21 17 24 15 25 11 14 19 22 17 0 27 26 19 26 29 22 27 25 25 18 21 12
 25 20 28 18 16 20 27 22 20 22 18 28 12 15 24 22 17 23 0 27 21 31 28 27 30 26 24 21 24 11
 22 21 27 21 13 19 32 23 19 24 22 28 15 21 24 25 20 22 28 0 20 29 35 24 29 27 27 16 29 14
 22 19 24 13 12 19 24 23 15 19 16 20 10 13 17 17 14 19 24 26 0 25 26 22 27 24 23 16 20 10
 28 23 28 22 14 20 26 22 18 22 16 25 13 18 26 23 15 24 26 33 20 0 30 28 32 24 28 22 28 14
 28 20 27 20 15 19 30 22 23 25 22 29 13 18 21 20 18 24 32 28 25 31 0 23 28 29 23 19 28 17
 22 24 28 20 13 23 24 23 16 24 14 22 12 18 22 21 16 22 29 26 21 26 32 0 30 22 23 15 20 13
 24 26 32 16 18 19 25 25 20 26 22 26 17 17 27 21 18 29 32 33 21 30 34 27 0 30 27 21 24 15
 21 19 27 17 14 19 26 20 16 21 18 23 11 16 19 21 16 24 24 29 21 26 26 24 28 0 26 16 21 13
 24 21 25 15 16 23 29 22 14 22 18 25 17 18 24 21 15 22 23 28 19 26 28 25 27 24 0 18 23 12
 20 18 23 12 9 15 21 21 15 18 12 21 10 12 17 17 12 19 22 24 15 23 25 20 26 22 19 0 18 9
 20 22 28 15 11 17 24 23 14 22 17 24 14 17 20 22 12 20 26 29 18 25 29 22 26 23 22 15 0 12
 17 15 21 10 8 13 19 17 12 17 11 19 8 11 15 15 9 16 20 22 14 22 23 19 22 18 19 10 16 0

 0 23 9 25 22 23 23 14 21 17 22 20 24 19 21 26 24 17 21 19 22 17 15 11 13 23 13 13 21 22
 19 0 12 25 21 25 21 12 21 15 25 20 21 20 21 25 27 16 18 18 25 16 17 12 12 22 12 17 20 22
 16 16 0 18 17 18 17 8 16 10 18 13 16 14 15 21 21 12 13 13 17 12 9 8 9 17 6 10 13 18
 24 23 13 0 26 23 24 12 24 15 24 20 22 20 20 29 29 20 17 19 26 17 15 15 13 22 12 16 23 25
 18 24 12 22 0 25 20 12 20 14 21 22 21 20 23 28 27 18 20 21 23 15 14 13 12 24 12 15 20 25
 19 20 15 26 20 0 24 14 23 19 24 19 21 19 22 26 25 17 21 20 24 17 15 14 12 25 12 20 19 23
 22 23 11 25 20 21 0 13 25 17 23 17 23 19 21 25 25 18 17 22 24 20 13 12 11 21 10 19 20 24
 16 19 7 20 17 20 17 0 18 12 19 15 17 14 16 22 22 12 14 14 17 13 11 8 9 18 8 11 15 18
 19 23 10 25 25 26 22 12 0 16 25 20 23 18 21 29 27 15 17 18 21 19 14 14 12 23 11 17 17 21
 18 19 9 19 18 19 20 9 18 0 22 15 21 17 17 23 22 14 16 15 18 16 10 11 9 21 10 12 15 19
 21 23 11 25 22 23 23 14 21 18 0 22 26 17 19 29 29 19 18 21 22 20 17 12 16 22 11 16 18 27
 19 21 10 22 22 23 21 12 22 17 24 0 20 18 21 27 26 14 16 20 19 17 11 13 10 19 8 15 18 20
 19 25 11 22 21 22 20 14 24 17 22 20 0 22 22 24 28 16 20 17 23 15 14 13 11 21 14 17 17 21
 18 19 11 23 21 20 21 11 21 17 22 19 19 0 19 26 23 18 17 16 19 16 11 12 13 19 8 13 16 24
 21 21 9 24 23 25 24 15 21 15 24 20 19 18 0 28 28 18 21 18 24 19 13 10 14 24 13 15 20 23
 23 26 15 26 27 26 25 18 26 18 29 20 26 21 20 0 27 17 21 21 24 18 18 18 13 27 11 18 19 24
 21 24 14 28 25 26 25 15 22 20 26 19 26 19 25 26 0 22 25 19 26 19 19 19 17 25 14 18 21 25
 17 19 10 20 18 20 20 9 21 16 20 17 19 15 19 25 24 0 16 17 20 16 11 11 12 20 10 14 17 20
 18 23 11 24 22 24 21 11 19 13 22 18 21 17 18 27 25 16 0 18 21 15 13 10 13 19 11 15 18 23
 21 21 8 22 22 24 21 13 19 16 24 19 21 18 18 24 23 18 17 0 20 16 12 13 12 19 10 16 16 21
 22 21 13 23 20 24 20 15 22 14 25 17 20 20 21 28 28 18 17 21 0 19 16 13 11 23 14 16 22 22
 17 19 11 23 19 20 19 12 18 15 22 17 20 15 17 25 23 17 15 16 20 0 13 10 11 19 10 12 18 21
 16 18 8 19 17 20 19 10 20 12 19 16 18 15 16 23 22 13 15 15 18 13 0 10 10 20 8 13 16 21
 17 17 8 18 18 18 18 8 17 12 18 14 17 14 15 21 21 13 14 15 18 12 11 0 9 17 7 12 14 20
 16 17 6 18 18 20 17 8 17 11 19 14 17 14 17 22 22 13 14 15 17 13 10 8 0 18 7 11 16 20
 19 23 10 26 23 24 23 12 25 19 23 20 21 21 22 25 25 16 19 17 21 16 13 14 16 0 12 15 18 22
 15 17 7 18 17 18 16 7 18 11 18 14 16 13 16 21 22 13 14 14 16 12 9 7 8 17 0 11 14 18
 18 19 8 22 19 19 18 9 19 14 21 15 19 16 18 24 22 16 16 16 20 14 11 12 12 20 8 0 15 22
 19 21 12 24 23 22 19 10 20 15 20 18 22 18 21 27 27 18 19 17 20 17 11 11 12 22 10 15 0 22
 20 21 11 26 21 22 22 12 24 15 23 20 25 20 23 27 28 17 21 20 25 18 13 14 11 23 13 20 21 0

 0 21 21 15 15 11 13 14 17 15 9 26 12 9 9 18 17 16 19 11 16 13 15 21 24 24 18 16 21 17
 18 0 24 18 19 15 18 16 21 19 12 33 19 16 12 24 24 20 21 18 21 18 17 27 30 29 20 23 27 25
 19 27 0 21 23 15 13 18 24 23 12 33 19 15 15 24 25 20 21 13 18 16 19 26 30 28 21 20 25 23
 13 24 23 0 17 15 13 14 17 17 11 28 15 13 11 19 18 20 21 12 18 14 16 24 26 28 17 19 25 17
 13 24 24 20 0 13 15 17 18 16 10 26 15 13 11 19 19 17 18 11 16 11 18 20 25 25 18 18 22 19
 13 23 20 16 16 0 10 12 16 17 9 26 12 9 8 19 17 16 16 10 16 12 15 20 24 25 16 17 21 17
 14 21 21 15 15 10 0 11 15 15 7 24 14 9 7 19 16 16 16 9 16 10 14 19 23 24 16 16 22 16
 14 22 23 16 16 10 11 0 18 16 7 24 12 9 8 21 19 16 19 9 15 12 16 21 23 26 16 17 23 17
 13 23 23 16 16 14 12 16 0 18 10 29 17 12 12 22 19 19 19 10 17 11 15 21 27 25 18 20 25 17
 13 25 26 16 16 14 14 16 20 0 8 27 15 13 10 22 17 18 18 13 18 13 14 20 24 29 20 17 22 20
 10 20 21 14 14 10 10 11 13 14 0 23 11 8 6 16 16 15 15 8 13 9 12 18 21 22 13 16 19 15
 21 30 31 23 23 15 18 18 23 23 16 0 16 18 15 25 20 24 21 13 21 16 20 29 27 32 23 26 29 20
 12 23 21 18 17 12 13 13 17 17 8 25 0 10 10 18 18 18 17 9 17 13 14 21 24 24 17 17 22 16
 12 22 20 15 15 11 10 12 14 16 7 24 12 0 6 18 16 15 15 8 14 9 13 20 22 23 15 17 20 16
 11 20 19 13 14 9 10 11 13 14 7 23 10 8 0 17 16 16 15 7 13 9 13 18 21 23 14 16 20 15
 15 24 24 20 17 15 16 16 18 18 13 26 14 14 12 0 19 19 21 14 20 16 15 24 28 31 17 18 26 22
 15 22 24 19 20 16 14 17 19 17 10 29 16 11 9 21 0 19 19 13 19 15 18 21 27 27 19 18 23 18
 15 23 23 16 18 13 15 18 16 18 10 27 14 12 12 20 19 0 21 10 17 16 16 21 26 28 16 19 24 18
 17 22 23 18 19 13 15 13 18 18 12 25 14 10 11 20 20 19 0 11 18 16 17 22 28 29 20 21 24 21
 12 20 22 15 15 10 11 11 14 14 8 24 12 9 7 17 15 16 16 0 14 10 13 20 22 24 15 16 21 16
 14 22 22 16 19 15 12 14 16 16 10 28 15 11 10 20 19 21 17 14 0 15 15 21 26 28 18 20 26 18
 12 22 20 17 15 10 10 13 15 14 7 25 13 10 9 19 16 18 16 9 15 0 13 20 24 25 16 17 20 16
 15 21 22 16 18 12 11 12 15 17 9 24 14 9 11 20 18 17 20 9 15 13 0 20 24 25 16 17 21 17
 15 27 26 23 17 15 14 15 17 17 11 28 18 14 10 22 20 24 23 15 18 18 19 0 30 28 23 22 25 21
 19 31 30 18 21 15 17 15 18 24 16 32 15 15 13 28 20 23 23 15 25 14 18 28 0 28 23 20 31 20
 20 29 27 22 23 20 18 18 19 21 15 28 19 18 17 26 20 25 20 20 25 20 24 29 26 0 26 23 29 20
 13 24 24 18 18 14 11 15 16 18 12 28 14 11 10 21 18 21 18 13 18 11 16 22 24 25 0 18 22 17
 16 27 24 19 18 15 15 16 16 16 13 25 16 10 13 19 22 20 18 11 16 13 19 24 25 25 16 0 22 18
 19 28 28 20 22 17 15 16 20 21 15 31 17 15 10 22 24 20 22 13 20 19 19 22 30 28 20 19 0 20
 16 25 25 20 16 15 14 16 20 20 11 26 13 12 9 19 20 20 19 15 20 13 19 21 25 30 18 19 25 0
