30 5

 0 95 55 95 123 79 39 65 126 62 75 81 91 98 39 66 57 83 84 76 50 120 63 22 83 107 125 95 87 31
 95 0 69 42 44 81 69 49 48 58 40 33 69 19 85 45 62 36 72 86 80 52 50 85 73 32 48 63 55 81
 55 69 0 87 100 100 35 66 95 60 61 67 101 75 70 55 37 72 35 99 18 83 24 46 98 88 92 48 90 55
 95 42 87 0 55 64 74 43 67 57 45 37 50 40 79 48 71 34 91 70 92 76 66 87 55 41 69 86 36 81
 123 44 100 55 0 95 97 73 34 84 67 59 79 36 110 72 91 59 97 103 109 57 78 113 86 37 38 83 67 109
 79 81 100 64 95 0 76 51 109 64 69 68 36 81 60 66 83 66 114 27 100 117 88 79 25 83 111 117 46 71
 39 69 35 74 97 76 0 49 100 43 51 58 83 74 46 43 29 62 58 76 34 93 36 28 78 83 98 69 74 31
 65 49 66 43 73 51 49 0 82 31 33 35 50 53 52 29 49 35 78 54 70 85 52 59 48 58 83 80 40 53
 126 48 95 67 34 109 100 82 0 91 73 66 94 42 118 78 92 68 90 116 106 42 74 116 101 49 19 72 82 114
 62 58 60 57 84 64 43 31 91 0 36 42 64 60 50 28 42 44 73 64 62 87 46 53 61 67 89 77 54 47
 75 40 61 45 67 69 51 33 73 36 0 26 63 43 65 25 46 31 68 72 67 72 42 65 64 52 72 68 50 61
 81 33 67 37 59 68 58 35 66 42 26 0 59 36 70 31 52 23 72 72 73 68 47 72 61 44 66 69 45 67
 91 69 101 50 79 36 83 50 94 64 63 59 0 68 72 63 84 56 112 46 104 104 86 89 27 68 96 111 32 81
 98 19 75 40 36 81 74 53 42 60 43 36 68 0 89 49 67 38 76 88 85 49 54 89 74 26 43 65 55 86
 39 85 70 79 110 60 46 52 118 50 65 70 72 89 0 56 59 71 91 57 67 116 67 40 64 95 117 100 70 33
 66 45 55 48 72 66 43 29 78 28 25 31 63 49 56 0 39 35 65 67 60 75 39 56 62 57 77 67 50 52
 57 62 37 71 91 83 29 49 92 42 46 52 84 67 59 39 0 57 53 83 41 83 28 45 81 76 89 61 73 47
 83 36 72 34 59 66 62 35 68 44 31 23 56 38 71 35 57 0 77 70 78 71 52 75 59 43 68 74 42 70
 84 72 35 91 97 114 58 78 90 73 68 72 112 76 91 65 53 77 0 114 44 74 27 71 110 87 85 35 98 77
 76 86 99 70 103 27 76 54 116 64 72 72 46 88 57 67 83 70 114 0 98 121 88 76 34 88 116 118 52 68
 50 80 18 92 109 100 34 70 106 62 67 73 104 85 67 60 41 78 44 98 0 95 35 41 102 98 105 60 96 53
 120 52 83 76 57 117 93 85 42 87 72 68 104 49 116 75 83 71 74 121 95 0 61 108 108 59 35 54 89 108
 63 50 24 66 78 88 36 52 74 46 42 47 86 54 67 39 28 52 27 88 35 61 0 54 87 69 74 38 76 58
 22 85 46 87 113 79 28 59 116 53 65 72 89 89 40 56 45 75 71 76 41 108 54 0 83 99 115 84 83 27
 83 73 98 55 86 25 78 48 101 61 64 61 27 74 64 62 81 59 110 34 102 108 87 83 0 74 102 112 37 74
 107 32 88 41 37 83 83 58 49 67 52 44 68 26 95 57 76 43 87 88 98 59 69 99 74 0 49 77 54 92
 125 48 92 69 38 111 98 83 19 89 72 66 96 43 117 77 89 68 85 116 105 35 74 115 102 49 0 68 84 113
 95 63 48 86 83 117 69 80 72 77 68 69 111 65 100 67 61 74 35 118 60 54 38 84 112 77 68 0 98 89
 87 55 90 36 67 46 74 40 82 54 50 45 32 55 70 50 73 42 98 52 96 89 76 83 37 54 84 98 0 75
 31 81 55 81 109 71 31 53 114 47 61 67 81 86 33 52 47 70 77 68 53 108 58 27 74 92 113 89 75 0

 0 107 74 92 134 89 54 65 137 62 73 80 96 112 49 66 61 81 89 78 59 125 78 30 93 114 138 105 98 37
 107 0 85 36 52 88 81 46 56 55 35 29 71 30 92 42 63 31 74 85 86 54 62 90 80 36 58 70 63 84
 74 85 0 85 112 111 51 67 107 61 60 67 107 90 81 56 42 71 41 102 28 89 40 55 109 96 106 59 102 62
 92 36 85 0 52 60 75 29 64 43 29 22 41 40 75 34 61 18 82 58 87 67 67 81 51 34 68 82 33 73
 134 52 112 52 0 101 108 69 41 80 61 54 80 46 116 68 91 53 98 101 114 58 89 117 92 40 47 89 74 111
 89 88 111 60 101 0 86 46 115 59 62 62 36 90 65 61 82 59 114 24 104 117 98 82 30 85 119 122 52 72
 54 81 51 75 108 86 0 48 110 42 48 56 87 87 55 42 32 59 62 77 42 97 50 35 87 89 110 78 84 36
 65 46 67 29 69 46 48 0 81 19 19 22 43 55 50 17 41 21 71 44 67 78 55 55 46 53 84 78 39 47
 137 56 107 64 41 115 110 81 0 86 66 60 94 51 123 73 91 61 90 113 110 42 84 119 106 51 27 77 88 115
 62 55 61 43 80 59 42 19 86 0 22 29 57 62 48 16 34 30 66 54 59 80 49 49 59 62 90 75 53 41
 73 35 60 29 61 62 48 19 66 22 0 12 55 44 62 12 37 16 60 61 63 64 44 60 61 46 72 65 48 54
 80 29 67 22 54 62 56 22 60 29 12 0 52 38 68 19 44 9 65 62 70 61 50 68 59 39 67 67 44 61
 96 71 107 41 80 36 87 43 94 57 55 52 0 74 74 55 80 46 109 40 105 101 93 89 29 67 101 113 35 79
 112 30 90 40 46 90 87 55 51 62 44 38 74 0 97 47 69 34 79 88 92 52 67 95 82 31 54 73 64 90
 49 92 81 75 116 65 55 50 123 48 62 68 74 97 0 51 58 64 91 54 71 116 77 43 69 97 125 105 76 34
 66 42 56 34 68 61 42 17 73 16 12 19 55 47 51 0 32 22 59 58 58 69 43 53 61 53 79 66 50 47
 61 63 42 61 91 82 32 41 91 34 37 44 80 69 58 32 0 46 49 76 41 79 34 44 82 74 93 62 75 44
 81 31 71 18 53 59 59 21 61 30 16 9 46 34 64 22 46 0 69 59 74 63 54 70 56 37 68 71 40 63
 89 74 41 82 98 114 62 71 90 66 60 65 109 79 91 59 49 69 0 108 45 71 34 71 112 86 90 37 101 75
 78 85 102 58 101 24 77 44 113 54 61 62 40 88 54 58 76 59 108 0 97 116 93 74 34 85 119 118 53 64
 59 86 28 87 114 104 42 67 110 59 63 70 105 92 71 58 41 74 45 97 0 94 44 43 106 99 112 64 101 53
 125 54 89 67 58 117 97 78 42 80 64 61 101 52 116 69 79 63 71 116 94 0 68 108 110 58 40 56 92 106
 78 62 40 67 89 98 50 55 84 49 44 50 93 67 77 43 34 54 34 93 44 68 0 60 95 74 85 46 85 62
 30 90 55 81 117 82 35 55 119 49 60 68 89 95 43 53 44 70 71 74 43 108 60 0 87 100 122 88 88 27
 93 80 109 51 92 30 87 46 106 59 61 59 29 82 69 61 82 56 112 34 106 110 95 87 0 76 110 117 43 75
 114 36 96 34 40 85 89 53 51 62 46 39 67 31 97 53 74 37 86 85 99 58 74 100 76 0 55 80 58 91
 138 58 106 68 47 119 110 84 27 90 72 67 101 54 125 79 93 68 90 119 112 40 85 122 110 55 0 75 92 116
 105 70 59 82 89 122 78 78 77 75 65 67 113 73 105 66 62 71 37 118 64 56 46 88 117 80 75 0 104 90
 98 63 102 33 74 52 84 39 88 53 48 44 35 64 76 50 75 40 101 53 101 92 85 88 43 58 92 104 0 77
 37 84 62 73 111 72 36 47 115 41 54 61 79 90 34 47 44 63 75 64 53 106 62 27 75 91 116 90 77 0

 0 102 66 96 129 73 47 67 125 66 77 82 89 107 37 73 49 83 75 68 59 112 65 28 82 112 127 96 80 30
 102 0 80 43 50 75 77 51 47 62 42 34 67 28 83 52 54 36 63 78 89 44 52 91 72 37 50 64 48 80
 66 80 0 90 108 96 45 70 96 66 65 70 101 86 70 64 31 74 28 93 29 77 28 54 99 95 96 51 85 56
 96 43 90 0 57 54 78 41 62 57 43 34 44 45 73 51 59 30 78 58 97 64 64 89 50 42 67 83 25 76
 129 50 108 57 0 88 104 74 32 87 68 59 76 44 107 78 82 58 87 94 117 48 79 118 84 41 39 83 59 107
 73 75 96 54 88 0 75 44 99 59 62 60 25 81 49 64 66 57 96 10 100 100 81 76 15 79 104 109 30 61
 47 77 45 78 104 75 0 52 100 48 54 60 82 84 45 51 22 63 50 69 44 86 39 35 78 89 101 71 68 31
 67 51 70 41 74 44 52 0 77 31 31 32 44 58 46 32 37 31 65 42 75 73 50 61 43 59 81 77 29 48
 125 47 96 62 32 99 100 77 0 89 69 61 86 45 110 79 78 62 75 102 109 28 70 116 94 48 15 67 69 107
 66 62 66 57 87 59 48 31 89 0 36 41 60 67 46 33 32 42 62 54 69 77 46 57 58 70 89 76 45 44
 77 42 65 43 68 62 54 31 69 36 0 23 57 48 59 28 34 27 55 60 72 60 40 67 59 53 70 65 39 56
 82 34 70 34 59 60 60 32 61 41 23 0 53 41 64 34 40 19 59 60 78 56 45 74 56 45 64 66 34 62
 89 67 101 44 76 25 82 44 86 60 57 53 0 71 64 64 70 50 97 32 107 90 82 89 20 67 92 106 19 74
 107 28 86 45 44 81 84 58 45 67 48 41 71 0 88 57 60 39 68 81 95 42 57 96 74 32 46 67 49 86
 37 83 70 73 107 49 45 46 110 46 59 64 64 88 0 56 44 64 75 42 69 101 62 39 56 93 112 94 56 25
 73 52 64 51 78 64 51 32 79 33 28 34 64 57 56 0 31 35 56 59 69 67 41 62 61 62 79 68 43 51
 49 54 31 59 82 66 22 37 78 32 34 40 70 60 44 31 0 46 33 64 39 64 19 40 69 70 80 51 55 35
 83 36 74 30 58 57 63 31 62 42 27 19 50 39 64 35 46 0 63 57 82 58 49 76 53 43 65 70 30 64
 75 63 28 78 87 96 50 65 75 62 55 59 97 68 75 56 33 63 0 95 42 55 18 66 98 81 76 25 80 65
 68 78 93 58 94 10 69 42 102 54 60 60 32 81 42 59 64 57 95 0 97 103 80 72 23 83 108 109 35 57
 59 89 29 97 117 100 44 75 109 69 72 78 107 95 69 69 39 82 42 97 0 88 38 48 102 104 108 62 90 53
 112 44 77 64 48 100 86 73 28 77 60 56 90 42 101 67 64 58 55 103 88 0 53 104 97 54 27 45 72 97
 65 52 28 64 79 81 39 50 70 46 40 45 82 57 62 41 19 49 18 80 38 53 0 56 82 70 72 35 65 53
 28 91 54 89 118 76 35 61 116 57 67 74 89 96 39 62 40 76 66 72 48 104 56 0 81 103 116 84 75 25
 82 72 99 50 84 15 78 43 94 58 59 56 20 74 56 61 69 53 98 23 102 97 82 81 0 74 99 108 25 68
 112 37 95 42 41 79 89 59 48 70 53 45 67 32 93 62 70 43 81 83 104 54 70 103 74 0 50 77 46 90
 127 50 96 67 39 104 101 81 15 89 70 64 92 46 112 79 80 65 76 108 108 27 72 116 99 50 0 65 73 108
 96 64 51 83 83 109 71 77 67 76 65 66 106 67 94 68 51 70 25 109 62 45 35 84 108 77 65 0 87 84
 80 48 85 25 59 30 68 29 69 45 39 34 19 49 56 43 55 30 80 35 90 72 65 75 25 46 73 87 0 64
 30 80 56 76 107 61 31 48 107 44 56 62 74 86 25 51 35 64 65 57 53 97 53 25 68 90 108 84 64 0

 0 106 67 96 132 89 52 73 134 67 81 86 96 110 49 71 54 90 78 80 64 118 70 31 90 115 126 97 95 41
 106 0 77 39 49 87 78 53 52 59 42 34 70 27 91 46 55 39 62 86 90 46 53 90 76 36 45 61 59 87
 67 77 0 84 105 106 44 70 99 61 63 68 102 83 76 56 30 75 25 99 28 77 27 51 101 92 89 46 94 61
 96 39 84 0 53 63 76 40 64 51 40 31 44 41 78 42 57 30 74 63 95 63 62 85 51 38 59 77 33 80
 132 49 105 53 0 99 104 75 36 83 67 58 78 42 114 71 82 60 85 101 117 49 79 116 87 39 33 79 69 113
 89 87 106 63 99 0 84 54 112 64 70 68 36 88 65 66 75 68 103 26 109 110 90 83 27 86 107 114 49 76
 52 78 44 76 104 84 0 54 105 45 54 60 85 83 53 45 23 66 49 77 45 88 40 34 82 88 96 68 79 38
 73 53 70 40 75 54 54 0 83 29 32 33 48 58 55 27 39 35 65 51 77 76 52 61 48 59 77 75 41 56
 134 52 99 64 36 112 105 83 0 89 72 64 92 47 121 76 82 68 77 113 113 33 74 118 101 50 13 67 83 117
 67 59 61 51 83 64 45 29 89 0 34 39 61 64 52 25 31 43 59 60 68 77 45 54 60 67 82 71 54 49
 81 42 63 40 67 70 54 32 72 34 0 23 60 47 67 22 35 30 54 68 73 62 41 66 63 52 65 62 50 63
 86 34 68 31 58 68 60 33 64 39 23 0 56 40 72 28 41 22 58 68 79 58 46 73 60 44 59 63 45 69
 96 70 102 44 78 36 85 48 92 61 60 56 0 72 74 60 73 55 98 42 110 94 85 90 26 68 89 105 32 83
 110 27 83 41 42 88 83 58 47 64 47 40 72 0 95 50 60 41 66 88 95 43 57 94 77 30 40 63 59 92
 49 91 76 78 114 65 53 55 121 52 67 72 74 95 0 56 51 73 80 56 76 109 69 44 66 98 113 97 73 38
 71 46 56 42 71 66 45 27 76 25 22 28 60 50 56 0 28 34 51 63 66 65 38 57 61 57 70 61 50 54
 54 55 30 57 82 75 23 39 82 31 35 41 73 60 51 28 0 50 33 73 41 67 21 40 74 70 76 49 67 43
 90 39 75 30 60 68 66 35 68 43 30 22 55 41 73 34 50 0 64 67 85 62 52 77 59 44 62 69 43 73
 78 62 25 74 85 103 49 65 77 59 54 58 98 66 80 51 33 64 0 102 42 56 18 64 101 79 70 21 90 71
 80 86 99 63 101 26 77 51 113 60 68 68 42 88 56 63 73 67 102 0 103 110 86 76 32 87 108 111 51 69
 64 90 28 95 117 109 45 77 113 68 73 79 110 95 76 66 41 85 42 103 0 90 39 47 106 103 103 59 101 60
 118 46 77 63 49 110 88 76 33 77 62 58 94 43 109 65 67 62 56 110 90 0 55 104 102 54 23 43 84 105
 70 53 27 62 79 90 40 52 74 45 41 46 85 57 69 38 21 52 18 86 39 55 0 56 87 70 68 33 77 61
 31 90 51 85 116 83 34 61 118 54 66 73 90 94 44 57 40 77 64 76 47 104 56 0 85 102 111 81 86 32
 90 76 101 51 87 27 82 48 101 60 63 60 26 77 66 61 74 59 101 32 106 102 87 85 0 75 96 107 38 77
 115 36 92 38 39 86 88 59 50 67 52 44 68 30 98 57 70 44 79 87 103 54 70 102 75 0 44 73 56 96
 126 45 89 59 33 107 96 77 13 82 65 59 89 40 113 70 76 62 70 108 103 23 68 111 96 44 0 59 81 112
 97 61 46 77 79 114 68 75 67 71 62 63 105 63 97 61 49 69 21 111 59 43 33 81 107 73 59 0 96 89
 95 59 94 33 69 49 79 41 83 54 50 45 32 59 73 50 67 43 90 51 101 84 77 86 38 56 81 96 0 79
 41 87 61 80 113 76 38 56 117 49 63 69 83 92 38 54 43 73 71 69 60 105 61 32 77 96 112 89 79 0

 0 93 69 96 123 91 53 77 126 65 82 89 101 98 45 70 65 92 90 84 62 128 78 35 90 104 138 103 93 36
 93 0 70 30 31 80 70 48 35 48 34 28 66 6 78 36 57 32 65 81 79 47 52 85 67 16 48 58 48 73
 69 70 0 85 97 109 46 75 92 60 65 72 108 72 73 56 42 78 38 104 27 88 36 56 102 82 102 53 93 57
 96 30 85 0 44 65 77 44 56 49 41 34 49 29 74 41 68 32 86 67 93 73 70 89 51 27 71 83 31 75
 123 31 97 44 0 95 99 73 22 75 62 55 77 24 104 64 87 56 91 99 109 53 81 114 81 22 39 79 61 102
 91 80 109 65 95 0 87 60 106 64 73 73 43 78 63 67 88 72 117 32 109 122 100 89 29 77 121 122 49 73
 53 70 46 77 99 87 0 59 98 44 56 64 91 72 50 45 35 69 62 82 44 99 49 39 83 78 109 75 78 34
 77 48 75 44 73 60 59 0 78 30 36 39 56 49 54 29 53 40 80 58 78 89 63 68 51 51 92 84 42 54
 126 35 92 56 22 106 98 78 0 82 68 62 92 30 112 70 88 65 84 112 106 38 77 117 96 34 20 68 76 107
 65 48 60 49 75 64 44 30 82 0 33 40 64 50 46 22 40 43 69 62 64 85 51 56 58 54 92 75 50 42
 82 34 65 41 62 73 56 36 68 33 0 27 66 36 64 22 47 33 67 73 72 73 50 71 64 42 78 69 49 59
 89 28 72 34 55 73 64 39 62 40 27 0 63 30 70 29 54 26 72 74 79 70 56 79 62 35 73 71 45 66
 101 66 108 49 77 43 91 56 92 64 66 63 0 63 73 62 87 60 113 49 111 107 96 97 29 60 104 114 33 81
 98 6 72 29 24 78 72 49 30 50 36 30 63 0 83 41 63 35 70 84 85 45 57 90 69 11 44 61 49 79
 45 78 73 74 104 63 50 54 112 46 64 70 73 83 0 52 59 72 89 57 71 116 74 45 63 84 122 100 68 30
 70 36 56 41 64 67 45 29 70 22 22 29 62 41 52 0 38 35 62 66 63 74 45 60 60 45 81 66 47 48
 65 57 42 68 87 88 35 53 88 40 47 54 87 63 59 38 0 59 52 84 46 84 36 51 81 66 95 62 72 45
 92 32 78 32 56 72 69 40 65 43 33 26 60 35 72 35 59 0 77 72 84 73 61 82 60 34 75 76 42 69
 90 65 38 86 91 117 62 80 84 69 67 72 113 70 89 62 52 77 0 114 48 74 34 76 109 76 90 35 96 74
 84 81 104 67 99 32 82 58 112 62 73 74 49 84 57 66 84 72 114 0 104 123 97 83 35 79 123 120 52 67
 62 79 27 93 109 109 44 78 106 64 72 79 111 85 71 63 46 84 48 104 0 99 46 50 105 91 114 64 98 54
 128 47 88 73 53 122 99 89 38 85 73 70 107 45 116 74 84 73 74 123 99 0 70 115 109 50 42 56 89 107
 78 52 36 70 81 100 49 63 77 51 50 56 96 57 74 45 36 61 34 97 46 70 0 65 92 64 85 44 80 61
 35 85 56 89 114 89 39 68 117 56 71 79 97 90 45 60 51 82 76 83 50 115 65 0 87 93 125 89 86 29
 90 67 102 51 81 29 83 51 96 58 64 62 29 69 63 60 81 60 109 35 105 109 92 87 0 64 108 113 36 72
 104 16 82 27 22 77 78 51 34 54 42 35 60 11 84 45 66 34 76 79 91 50 64 93 64 0 49 72 47 84
 138 48 102 71 39 121 109 92 20 92 78 73 104 44 122 81 95 75 90 123 114 42 85 125 108 49 0 73 87 115
 103 58 53 83 79 122 75 84 68 75 69 71 114 61 100 66 62 76 35 120 64 56 44 89 113 72 73 0 98 88
 93 48 93 31 61 49 78 42 76 50 49 45 33 49 68 47 72 42 96 52 98 89 80 86 36 47 87 98 0 72
 36 73 57 75 102 73 34 54 107 42 59 66 81 79 30 48 45 69 74 67 54 107 61 29 72 84 115 88 72 0

 0 36 44 36 36 22 42 32 46 20 20 38 26 46 38 30 30 22 42 44 38 48 20 20 34 42 36 30 34 38
 60 0 80 72 72 58 78 68 82 56 56 74 62 82 74 66 66 58 78 80 74 84 56 56 70 78 72 66 70 74
 84 96 0 96 96 82 102 92 106 80 80 98 86 106 98 90 90 82 102 104 98 108 80 80 94 102 96 90 94 98
 60 72 80 0 72 58 78 68 82 56 56 74 62 82 74 66 66 58 78 80 74 84 56 56 70 78 72 66 70 74
 60 72 80 72 0 58 78 68 82 56 56 74 62 82 74 66 66 58 78 80 74 84 56 56 70 78 72 66 70 74
 18 30 38 30 30 0 36 26 40 14 14 32 20 40 32 24 24 16 36 38 32 42 14 14 28 36 30 24 28 32
 78 90 98 90 90 76 0 86 100 74 74 92 80 100 92 84 84 76 96 98 92 102 74 74 88 96 90 84 88 92
 48 60 68 60 60 46 66 0 70 44 44 62 50 70 62 54 54 46 66 68 62 72 44 44 58 66 60 54 58 62
 90 102 110 102 102 88 108 98 0 86 86 104 92 112 104 96 96 88 108 110 104 114 86 86 100 108 102 96 100 104
 12 24 32 24 24 10 30 20 34 0 8 26 14 34 26 18 18 10 30 32 26 36 8 8 22 30 24 18 22 26
 12 24 32 24 24 10 30 20 34 8 0 26 14 34 26 18 18 10 30 32 26 36 8 8 22 30 24 18 22 26
 66 78 86 78 78 64 84 74 88 62 62 0 68 88 80 72 72 64 84 86 80 90 62 62 76 84 78 72 76 80
 30 42 50 42 42 28 48 38 52 26 26 44 0 52 44 36 36 28 48 50 44 54 26 26 40 48 42 36 40 44
 90 102 110 102 102 88 108 98 112 86 86 104 92 0 104 96 96 88 108 110 104 114 86 86 100 108 102 96 100 104
 66 78 86 78 78 64 84 74 88 62 62 80 68 88 0 72 72 64 84 86 80 90 62 62 76 84 78 72 76 80
 42 54 62 54 54 40 60 50 64 38 38 56 44 64 56 0 48 40 60 62 56 66 38 38 52 60 54 48 52 56
 42 54 62 54 54 40 60 50 64 38 38 56 44 64 56 48 0 40 60 62 56 66 38 38 52 60 54 48 52 56
 18 30 38 30 30 16 36 26 40 14 14 32 20 40 32 24 24 0 36 38 32 42 14 14 28 36 30 24 28 32
 78 90 98 90 90 76 96 86 100 74 74 92 80 100 92 84 84 76 0 98 92 102 74 74 88 96 90 84 88 92
 84 96 104 96 96 82 102 92 106 80 80 98 86 106 98 90 90 82 102 0 98 108 80 80 94 102 96 90 94 98
 66 78 86 78 78 64 84 74 88 62 62 80 68 88 80 72 72 64 84 86 0 90 62 62 76 84 78 72 76 80
 96 108 116 108 108 94 114 104 118 92 92 110 98 118 110 102 102 94 114 116 110 0 92 92 106 114 108 102 106 110
 12 24 32 24 24 10 30 20 34 8 8 26 14 34 26 18 18 10 30 32 26 36 0 8 22 30 24 18 22 26
 12 24 32 24 24 10 30 20 34 8 8 26 14 34 26 18 18 10 30 32 26 36 8 0 22 30 24 18 22 26
 54 66 74 66 66 52 72 62 76 50 50 68 56 76 68 60 60 52 72 74 68 78 50 50 0 72 66 60 64 68
 78 90 98 90 90 76 96 86 100 74 74 92 80 100 92 84 84 76 96 98 92 102 74 74 88 0 90 84 88 92
 60 72 80 72 72 58 78 68 82 56 56 74 62 82 74 66 66 58 78 80 74 84 56 56 70 78 0 66 70 74
 42 54 62 54 54 40 60 50 64 38 38 56 44 64 56 48 48 40 60 62 56 66 38 38 52 60 54 0 52 56
 54 66 74 66 66 52 72 62 76 50 50 68 56 76 68 60 60 52 72 74 68 78 50 50 64 72 66 60 0 68
 66 78 86 78 78 64 84 74 88 62 62 80 68 88 80 72 72 64 84 86 80 90 62 62 76 84 78 72 76 0

 0 70 70 78 82 78 82 82 90 70 72 66 90 68 86 62 86 74 76 68 64 80 62 82 62 68 64 82 64 76
 50 0 40 48 52 48 52 52 60 40 42 36 60 38 56 32 56 44 46 38 34 50 32 52 32 38 34 52 34 46
 50 40 0 48 52 48 52 52 60 40 42 36 60 38 56 32 56 44 46 38 34 50 32 52 32 38 34 52 34 46
 74 64 64 0 76 72 76 76 84 64 66 60 84 62 80 56 80 68 70 62 58 74 56 76 56 62 58 76 58 70
 86 76 76 84 0 84 88 88 96 76 78 72 96 74 92 68 92 80 82 74 70 86 68 88 68 74 70 88 70 82
 74 64 64 72 76 0 76 76 84 64 66 60 84 62 80 56 80 68 70 62 58 74 56 76 56 62 58 76 58 70
 86 76 76 84 88 84 0 88 96 76 78 72 96 74 92 68 92 80 82 74 70 86 68 88 68 74 70 88 70 82
 86 76 76 84 88 84 88 0 96 76 78 72 96 74 92 68 92 80 82 74 70 86 68 88 68 74 70 88 70 82
 110 100 100 108 112 108 112 112 0 100 102 96 120 98 116 92 116 104 106 98 94 110 92 112 92 98 94 112 94 106
 50 40 40 48 52 48 52 52 60 0 42 36 60 38 56 32 56 44 46 38 34 50 32 52 32 38 34 52 34 46
 56 46 46 54 58 54 58 58 66 46 0 42 66 44 62 38 62 50 52 44 40 56 38 58 38 44 40 58 40 52
 38 28 28 36 40 36 40 40 48 28 30 0 48 26 44 20 44 32 34 26 22 38 20 40 20 26 22 40 22 34
 110 100 100 108 112 108 112 112 120 100 102 96 0 98 116 92 116 104 106 98 94 110 92 112 92 98 94 112 94 106
 44 34 34 42 46 42 46 46 54 34 36 30 54 0 50 26 50 38 40 32 28 44 26 46 26 32 28 46 28 40
 98 88 88 96 100 96 100 100 108 88 90 84 108 86 0 80 104 92 94 86 82 98 80 100 80 86 82 100 82 94
 26 16 16 24 28 24 28 28 36 16 18 12 36 14 32 0 32 20 22 14 10 26 8 28 8 14 10 28 10 22
 98 88 88 96 100 96 100 100 108 88 90 84 108 86 104 80 0 92 94 86 82 98 80 100 80 86 82 100 82 94
 62 52 52 60 64 60 64 64 72 52 54 48 72 50 68 44 68 0 58 50 46 62 44 64 44 50 46 64 46 58
 68 58 58 66 70 66 70 70 78 58 60 54 78 56 74 50 74 62 0 56 52 68 50 70 50 56 52 70 52 64
 44 34 34 42 46 42 46 46 54 34 36 30 54 32 50 26 50 38 40 0 28 44 26 46 26 32 28 46 28 40
 32 22 22 30 34 30 34 34 42 22 24 18 42 20 38 14 38 26 28 20 0 32 14 34 14 20 16 34 16 28
 80 70 70 78 82 78 82 82 90 70 72 66 90 68 86 62 86 74 76 68 64 0 62 82 62 68 64 82 64 76
 26 16 16 24 28 24 28 28 36 16 18 12 36 14 32 8 32 20 22 14 10 26 0 28 8 14 10 28 10 22
 86 76 76 84 88 84 88 88 96 76 78 72 96 74 92 68 92 80 82 74 70 86 68 0 68 74 70 88 70 82
 26 16 16 24 28 24 28 28 36 16 18 12 36 14 32 8 32 20 22 14 10 26 8 28 0 14 10 28 10 22
 44 34 34 42 46 42 46 46 54 34 36 30 54 32 50 26 50 38 40 32 28 44 26 46 26 0 28 46 28 40
 32 22 22 30 34 30 34 34 42 22 24 18 42 20 38 14 38 26 28 20 16 32 14 34 14 20 0 34 16 28
 86 76 76 84 88 84 88 88 96 76 78 72 96 74 92 68 92 80 82 74 70 86 68 88 68 74 70 0 70 82
 32 22 22 30 34 30 34 34 42 22 24 18 42 20 38 14 38 26 28 20 16 32 14 34 14 20 16 34 0 28
 68 58 58 66 70 66 70 70 78 58 60 54 78 56 74 50 74 62 64 56 52 68 50 70 50 56 52 70 52 0

 0 24 20 34 28 26 28 38 18 28 38 24 40 16 24 28 42 34 14 26 38 16 18 18 22 38 40 20 28 38
 40 0 44 58 52 50 52 62 42 52 62 48 64 40 48 52 66 58 38 50 62 40 42 42 46 62 64 44 52 62
 28 36 0 46 40 38 40 50 30 40 50 36 52 28 36 40 54 46 26 38 50 28 30 30 34 50 52 32 40 50
 70 78 74 0 82 80 82 92 72 82 92 78 94 70 78 82 96 88 68 80 92 70 72 72 76 92 94 74 82 92
 52 60 56 70 0 62 64 74 54 64 74 60 76 52 60 64 78 70 50 62 74 52 54 54 58 74 76 56 64 74
 46 54 50 64 58 0 58 68 48 58 68 54 70 46 54 58 72 64 44 56 68 46 48 48 52 68 70 50 58 68
 52 60 56 70 64 62 0 74 54 64 74 60 76 52 60 64 78 70 50 62 74 52 54 54 58 74 76 56 64 74
 82 90 86 100 94 92 94 0 84 94 104 90 106 82 90 94 108 100 80 92 104 82 84 84 88 104 106 86 94 104
 22 30 26 40 34 32 34 44 0 34 44 30 46 22 30 34 48 40 20 32 44 22 24 24 28 44 46 26 34 44
 52 60 56 70 64 62 64 74 54 0 74 60 76 52 60 64 78 70 50 62 74 52 54 54 58 74 76 56 64 74
 82 90 86 100 94 92 94 104 84 94 0 90 106 82 90 94 108 100 80 92 104 82 84 84 88 104 106 86 94 104
 40 48 44 58 52 50 52 62 42 52 62 0 64 40 48 52 66 58 38 50 62 40 42 42 46 62 64 44 52 62
 88 96 92 106 100 98 100 110 90 100 110 96 0 88 96 100 114 106 86 98 110 88 90 90 94 110 112 92 100 110
 16 24 20 34 28 26 28 38 18 28 38 24 40 0 24 28 42 34 14 26 38 16 18 18 22 38 40 20 28 38
 40 48 44 58 52 50 52 62 42 52 62 48 64 40 0 52 66 58 38 50 62 40 42 42 46 62 64 44 52 62
 52 60 56 70 64 62 64 74 54 64 74 60 76 52 60 0 78 70 50 62 74 52 54 54 58 74 76 56 64 74
 94 102 98 112 106 104 106 116 96 106 116 102 118 94 102 106 0 112 92 104 116 94 96 96 100 116 118 98 106 116
 70 78 74 88 82 80 82 92 72 82 92 78 94 70 78 82 96 0 68 80 92 70 72 72 76 92 94 74 82 92
 10 18 14 28 22 20 22 32 12 22 32 18 34 10 18 22 36 28 0 20 32 10 12 12 16 32 34 14 22 32
 46 54 50 64 58 56 58 68 48 58 68 54 70 46 54 58 72 64 44 0 68 46 48 48 52 68 70 50 58 68
 82 90 86 100 94 92 94 104 84 94 104 90 106 82 90 94 108 100 80 92 0 82 84 84 88 104 106 86 94 104
 16 24 20 34 28 26 28 38 18 28 38 24 40 16 24 28 42 34 14 26 38 0 18 18 22 38 40 20 28 38
 22 30 26 40 34 32 34 44 24 34 44 30 46 22 30 34 48 40 20 32 44 22 0 24 28 44 46 26 34 44
 22 30 26 40 34 32 34 44 24 34 44 30 46 22 30 34 48 40 20 32 44 22 24 0 28 44 46 26 34 44
 34 42 38 52 46 44 46 56 36 46 56 42 58 34 42 46 60 52 32 44 56 34 36 36 0 56 58 38 46 56
 82 90 86 100 94 92 94 104 84 94 104 90 106 82 90 94 108 100 80 92 104 82 84 84 88 0 106 86 94 104
 88 96 92 106 100 98 100 110 90 100 110 96 112 88 96 100 114 106 86 98 110 88 90 90 94 110 0 92 100 110
 28 36 32 46 40 38 40 50 30 40 50 36 52 28 36 40 54 46 26 38 50 28 30 30 34 50 52 0 40 50
 52 60 56 70 64 62 64 74 54 64 74 60 76 52 60 64 78 70 50 62 74 52 54 54 58 74 76 56 0 74
 82 90 86 100 94 92 94 104 84 94 104 90 106 82 90 94 108 100 80 92 104 82 84 84 88 104 106 86 94 0

 0 60 58 58 74 52 74 66 76 78 78 54 78 66 56 62 50 60 56 62 78 78 52 56 78 76 56 68 72 68
 52 0 46 46 62 40 62 54 64 66 66 42 66 54 44 50 38 48 44 50 66 66 40 44 66 64 44 56 60 56
 46 42 0 40 56 34 56 48 58 60 60 36 60 48 38 44 32 42 38 44 60 60 34 38 60 58 38 50 54 50
 46 42 40 0 56 34 56 48 58 60 60 36 60 48 38 44 32 42 38 44 60 60 34 38 60 58 38 50 54 50
 94 90 88 88 0 82 104 96 106 108 108 84 108 96 86 92 80 90 86 92 108 108 82 86 108 106 86 98 102 98
 28 24 22 22 38 0 38 30 40 42 42 18 42 30 20 26 14 24 20 26 42 42 16 20 42 40 20 32 36 32
 94 90 88 88 104 82 0 96 106 108 108 84 108 96 86 92 80 90 86 92 108 108 82 86 108 106 86 98 102 98
 70 66 64 64 80 58 80 0 82 84 84 60 84 72 62 68 56 66 62 68 84 84 58 62 84 82 62 74 78 74
 100 96 94 94 110 88 110 102 0 114 114 90 114 102 92 98 86 96 92 98 114 114 88 92 114 112 92 104 108 104
 106 102 100 100 116 94 116 108 118 0 120 96 120 108 98 104 92 102 98 104 120 120 94 98 120 118 98 110 114 110
 106 102 100 100 116 94 116 108 118 120 0 96 120 108 98 104 92 102 98 104 120 120 94 98 120 118 98 110 114 110
 34 30 28 28 44 22 44 36 46 48 48 0 48 36 26 32 20 30 26 32 48 48 22 26 48 46 26 38 42 38
 106 102 100 100 116 94 116 108 118 120 120 96 0 108 98 104 92 102 98 104 120 120 94 98 120 118 98 110 114 110
 70 66 64 64 80 58 80 72 82 84 84 60 84 0 62 68 56 66 62 68 84 84 58 62 84 82 62 74 78 74
 40 36 34 34 50 28 50 42 52 54 54 30 54 42 0 38 26 36 32 38 54 54 28 32 54 52 32 44 48 44
 58 54 52 52 68 46 68 60 70 72 72 48 72 60 50 0 44 54 50 56 72 72 46 50 72 70 50 62 66 62
 22 18 16 16 32 10 32 24 34 36 36 12 36 24 14 20 0 18 14 20 36 36 10 14 36 34 14 26 30 26
 52 48 46 46 62 40 62 54 64 66 66 42 66 54 44 50 38 0 44 50 66 66 40 44 66 64 44 56 60 56
 40 36 34 34 50 28 50 42 52 54 54 30 54 42 32 38 26 36 0 38 54 54 28 32 54 52 32 44 48 44
 58 54 52 52 68 46 68 60 70 72 72 48 72 60 50 56 44 54 50 0 72 72 46 50 72 70 50 62 66 62
 106 102 100 100 116 94 116 108 118 120 120 96 120 108 98 104 92 102 98 104 0 120 94 98 120 118 98 110 114 110
 106 102 100 100 116 94 116 108 118 120 120 96 120 108 98 104 92 102 98 104 120 0 94 98 120 118 98 110 114 110
 28 24 22 22 38 16 38 30 40 42 42 18 42 30 20 26 14 24 20 26 42 42 0 20 42 40 20 32 36 32
 40 36 34 34 50 28 50 42 52 54 54 30 54 42 32 38 26 36 32 38 54 54 28 0 54 52 32 44 48 44
 106 102 100 100 116 94 116 108 118 120 120 96 120 108 98 104 92 102 98 104 120 120 94 98 0 118 98 110 114 110
 100 96 94 94 110 88 110 102 112 114 114 90 114 102 92 98 86 96 92 98 114 114 88 92 114 0 92 104 108 104
 40 36 34 34 50 28 50 42 52 54 54 30 54 42 32 38 26 36 32 38 54 54 28 32 54 52 0 44 48 44
 76 72 70 70 86 64 86 78 88 90 90 66 90 78 68 74 62 72 68 74 90 90 64 68 90 88 68 0 84 80
 88 84 82 82 98 76 98 90 100 102 102 78 102 90 80 86 74 84 80 86 102 102 76 80 102 100 80 92 0 92
 76 72 70 70 86 64 86 78 88 90 90 66 90 78 68 74 62 72 68 74 90 90 64 68 90 88 68 80 84 0

 0 106 98 114 110 92 92 96 102 100 100 114 100 96 100 88 110 100 102 102 112 100 108 96 92 102 100 108 94 94
 94 0 80 96 92 74 74 78 84 82 82 96 82 78 82 70 92 82 84 84 94 82 90 78 74 84 82 90 76 76
 70 64 0 72 68 50 50 54 60 58 58 72 58 54 58 46 68 58 60 60 70 58 66 54 50 60 58 66 52 52
 118 112 104 0 116 98 98 102 108 106 106 120 106 102 106 94 116 106 108 108 118 106 114 102 98 108 106 114 100 100
 106 100 92 108 0 86 86 90 96 94 94 108 94 90 94 82 104 94 96 96 106 94 102 90 86 96 94 102 88 88
 52 46 38 54 50 0 32 36 42 40 40 54 40 36 40 28 50 40 42 42 52 40 48 36 32 42 40 48 34 34
 52 46 38 54 50 32 0 36 42 40 40 54 40 36 40 28 50 40 42 42 52 40 48 36 32 42 40 48 34 34
 64 58 50 66 62 44 44 0 54 52 52 66 52 48 52 40 62 52 54 54 64 52 60 48 44 54 52 60 46 46
 82 76 68 84 80 62 62 66 0 70 70 84 70 66 70 58 80 70 72 72 82 70 78 66 62 72 70 78 64 64
 76 70 62 78 74 56 56 60 66 0 64 78 64 60 64 52 74 64 66 66 76 64 72 60 56 66 64 72 58 58
 76 70 62 78 74 56 56 60 66 64 0 78 64 60 64 52 74 64 66 66 76 64 72 60 56 66 64 72 58 58
 118 112 104 120 116 98 98 102 108 106 106 0 106 102 106 94 116 106 108 108 118 106 114 102 98 108 106 114 100 100
 76 70 62 78 74 56 56 60 66 64 64 78 0 60 64 52 74 64 66 66 76 64 72 60 56 66 64 72 58 58
 64 58 50 66 62 44 44 48 54 52 52 66 52 0 52 40 62 52 54 54 64 52 60 48 44 54 52 60 46 46
 76 70 62 78 74 56 56 60 66 64 64 78 64 60 0 52 74 64 66 66 76 64 72 60 56 66 64 72 58 58
 40 34 26 42 38 20 20 24 30 28 28 42 28 24 28 0 38 28 30 30 40 28 36 24 20 30 28 36 22 22
 106 100 92 108 104 86 86 90 96 94 94 108 94 90 94 82 0 94 96 96 106 94 102 90 86 96 94 102 88 88
 76 70 62 78 74 56 56 60 66 64 64 78 64 60 64 52 74 0 66 66 76 64 72 60 56 66 64 72 58 58
 82 76 68 84 80 62 62 66 72 70 70 84 70 66 70 58 80 70 0 72 82 70 78 66 62 72 70 78 64 64
 82 76 68 84 80 62 62 66 72 70 70 84 70 66 70 58 80 70 72 0 82 70 78 66 62 72 70 78 64 64
 112 106 98 114 110 92 92 96 102 100 100 114 100 96 100 88 110 100 102 102 0 100 108 96 92 102 100 108 94 94
 76 70 62 78 74 56 56 60 66 64 64 78 64 60 64 52 74 64 66 66 76 0 72 60 56 66 64 72 58 58
 100 94 86 102 98 80 80 84 90 88 88 102 88 84 88 76 98 88 90 90 100 88 0 84 80 90 88 96 82 82
 64 58 50 66 62 44 44 48 54 52 52 66 52 48 52 40 62 52 54 54 64 52 60 0 44 54 52 60 46 46
 52 46 38 54 50 32 32 36 42 40 40 54 40 36 40 28 50 40 42 42 52 40 48 36 0 42 40 48 34 34
 82 76 68 84 80 62 62 66 72 70 70 84 70 66 70 58 80 70 72 72 82 70 78 66 62 0 70 78 64 64
 76 70 62 78 74 56 56 60 66 64 64 78 64 60 64 52 74 64 66 66 76 64 72 60 56 66 0 72 58 58
 100 94 86 102 98 80 80 84 90 88 88 102 88 84 88 76 98 88 90 90 100 88 96 84 80 90 88 0 82 82
 58 52 44 60 56 38 38 42 48 46 46 60 46 42 46 34 56 46 48 48 58 46 54 42 38 48 46 54 0 40
 58 52 44 60 56 38 38 42 48 46 46 60 46 42 46 34 56 46 48 48 58 46 54 42 38 48 46 54 40 0