70 3

 0 94 89 73 49 81 103 112 105 71 87 90 32 176 66 37 174 71 98 126 88 50 47 79 135 113 142 101 40 128 53 98 92 78 49 20 45 35 109 113 99 79 88 94 135 115 44 103 120 61 57 72 62 101 109 85 58 64 61 76 128 112 46 87 77 44 92 100 53 36
 94 0 36 28 59 51 45 55 78 83 109 86 72 123 41 86 150 28 44 74 77 60 90 48 111 55 108 44 82 79 84 44 95 68 67 78 80 60 89 88 68 37 59 52 111 81 83 119 62 85 81 81 63 106 51 106 38 97 73 82 107 111 48 126 105 43 108 60 80 72
 89 36 0 27 53 39 44 32 53 75 97 70 76 92 48 87 129 21 44 43 58 64 93 56 83 39 79 18 86 48 89 25 79 49 74 81 77 64 64 62 51 22 37 22 84 52 83 104 44 79 71 72 60 90 36 95 46 94 78 69 82 91 53 118 95 47 95 32 85 77
 73 28 27 0 41 33 42 48 62 65 91 67 59 113 35 71 132 10 42 64 59 47 76 43 95 51 93 37 69 68 72 35 76 50 57 64 63 47 73 72 50 20 42 38 95 66 68 100 58 68 63 63 46 88 48 88 30 80 61 63 90 93 35 108 87 30 90 46 68 60
 49 59 53 41 0 43 74 79 61 30 57 46 46 138 54 43 130 37 74 87 44 42 56 63 91 83 98 67 55 88 62 65 51 34 56 42 30 36 65 69 59 42 45 54 91 71 41 70 90 31 27 31 26 62 81 54 45 47 58 35 84 72 36 72 51 29 59 59 60 50
 81 51 39 33 43 0 60 62 56 60 84 60 67 120 53 74 125 22 62 70 51 56 81 61 89 67 90 49 77 72 82 48 68 42 70 69 63 55 66 66 44 24 36 38 89 63 71 93 73 65 57 57 46 80 64 82 47 80 72 56 84 85 47 104 81 39 83 45 78 70
 103 45 44 42 74 60 0 53 81 90 116 91 80 123 47 94 154 33 45 73 81 68 98 55 113 53 109 42 90 79 92 44 100 72 74 86 88 68 92 91 72 41 63 53 114 83 91 124 60 93 88 88 71 112 49 113 46 105 81 88 110 115 56 133 112 51 114 62 88 80
 112 55 32 48 79 62 53 0 73 96 119 92 92 104 59 105 150 39 50 53 80 80 110 66 102 39 97 20 102 61 104 41 101 71 86 97 96 80 84 82 72 42 59 42 104 70 102 126 42 100 92 93 79 111 34 116 58 114 93 90 102 113 68 139 116 63 116 52 100 92
 105 78 53 62 61 56 81 73 0 75 79 56 97 120 85 97 119 51 87 64 39 87 108 93 53 84 58 60 106 62 112 68 60 29 102 95 82 85 31 30 64 49 34 33 53 29 95 83 86 80 62 67 71 66 78 80 79 99 103 58 49 63 78 106 83 71 76 35 109 100
 71 83 75 65 30 60 90 96 75 0 64 54 62 151 71 58 142 53 90 100 52 60 72 81 100 99 109 82 72 101 80 80 58 43 74 57 43 53 73 78 73 57 57 67 100 81 57 76 106 41 34 37 44 69 97 60 63 60 76 41 93 79 54 79 58 47 65 71 78 66
 87 109 97 91 57 84 116 119 79 64 0 62 86 172 103 77 157 81 120 120 59 90 96 112 94 126 115 107 95 118 105 107 52 48 101 76 62 81 67 79 97 83 74 85 97 85 79 43 132 61 28 59 75 51 124 38 94 80 105 49 91 62 84 52 35 77 36 88 104 91
 90 86 70 67 46 60 91 92 56 54 62 0 81 143 83 77 128 55 95 90 32 76 92 92 78 98 91 78 91 89 98 79 41 22 91 77 62 71 52 58 69 56 45 56 79 62 76 66 104 58 39 46 58 53 95 59 75 79 92 35 72 59 69 84 61 61 57 59 96 85
 32 72 76 59 46 67 80 92 97 62 86 81 0 163 45 40 167 57 79 113 84 34 40 58 130 96 134 86 18 116 29 84 90 74 25 19 46 18 105 108 90 66 80 84 130 107 43 105 103 61 59 70 55 101 91 87 38 64 41 74 123 111 28 91 79 29 94 90 29 12
 176 123 92 113 138 120 123 104 120 151 172 143 163 0 111 149 182 84 105 75 111 128 156 119 125 94 120 67 150 82 153 88 133 101 137 144 138 127 108 106 109 84 91 68 127 92 146 158 93 139 129 130 121 142 85 151 109 155 142 125 127 141 116 176 152 110 149 78 149 141
 66 41 48 35 54 53 47 59 85 71 103 83 45 111 0 68 157 35 42 85 81 38 69 20 120 60 118 53 55 91 56 55 96 72 35 55 67 37 97 97 75 46 67 63 120 92 67 117 67 77 75 78 57 108 53 102 10 85 47 81 115 114 25 117 98 26 106 71 52 43
 37 86 87 71 43 74 94 105 97 58 77 77 40 149 68 0 164 64 93 118 77 48 46 76 124 107 132 94 44 120 56 92 80 67 52 25 34 34 98 102 91 71 78 86 125 104 35 92 115 49 46 61 54 90 104 74 56 52 60 64 117 101 43 77 66 40 81 91 55 40
 174 150 129 132 130 125 154 150 119 142 157 128 167 182 157 164 0 94 133 122 89 128 149 135 124 132 127 111 147 121 152 114 111 80 143 136 124 125 100 101 106 93 77 87 124 100 136 136 137 123 108 111 112 121 129 129 121 141 143 104 118 122 119 155 131 111 127 90 149 140
 71 28 21 10 37 22 33 39 51 53 81 55 57 84 35 64 94 0 42 58 52 46 75 44 87 49 86 33 68 62 72 31 70 43 58 63 60 46 65 64 43 13 35 31 88 59 66 94 56 64 58 58 42 81 46 83 32 77 61 57 83 86 35 104 82 29 84 39 68 60
 98 44 44 42 74 62 45 50 87 90 120 95 79 105 42 93 133 42 0 73 86 65 96 46 117 46 113 40 85 81 86 47 105 77 67 83 88 64 97 95 77 46 68 57 118 87 91 129 53 95 91 91 73 116 39 116 39 106 76 92 114 120 52 136 115 49 118 66 82 74
 126 74 43 64 87 70 73 53 64 100 120 90 113 75 85 118 122 58 73 0 77 97 125 88 85 61 80 35 119 41 122 58 99 67 107 113 107 97 69 68 77 53 57 34 88 52 115 124 58 107 96 97 90 107 49 118 78 124 111 92 89 106 86 143 119 80 115 43 118 110
 88 77 58 59 44 51 81 80 39 52 59 32 84 111 81 77 89 52 86 77 0 75 92 87 65 90 77 68 91 77 98 71 40 9 90 78 63 71 39 44 61 48 34 44 66 48 77 65 94 60 41 47 57 49 86 60 72 80 91 37 58 52 67 86 62 59 56 47 95 85
 50 60 64 47 42 56 68 80 87 60 90 76 34 128 38 48 128 46 65 97 75 0 51 48 120 83 122 72 42 103 45 70 85 66 35 38 49 20 95 97 77 53 68 71 120 96 48 104 90 61 60 66 46 97 78 88 28 67 35 69 113 106 15 99 82 15 93 77 41 33
 47 90 93 76 56 81 98 110 108 72 96 92 40 156 69 46 149 75 96 125 92 51 0 74 134 108 140 96 42 124 53 94 93 78 49 31 48 31 108 112 96 75 85 91 135 113 45 107 116 63 61 73 60 103 104 89 54 66 57 77 127 114 41 95 82 40 96 97 52 38
 79 48 56 43 63 61 55 66 93 81 112 92 58 119 20 76 135 44 46 88 87 48 74 0 125 65 123 58 65 95 66 59 102 77 46 64 75 46 102 102 80 50 72 67 125 96 75 123 72 84 82 84 64 114 58 109 19 93 57 87 120 120 34 124 105 34 113 76 62 54
 135 111 83 95 91 89 113 102 53 100 94 78 130 125 120 124 124 87 117 85 65 120 134 125 0 111 71 86 136 82 142 97 79 52 133 123 108 115 23 39 95 80 65 61 43 33 122 95 112 105 82 93 101 79 104 97 110 126 134 80 56 70 109 122 100 102 90 63 139 130
 113 55 39 51 83 67 53 39 84 99 126 98 96 94 60 107 132 49 46 61 90 83 108 65 111 0 105 27 101 69 103 46 107 78 84 98 99 80 92 90 78 48 66 50 112 78 104 132 38 104 97 97 82 118 28 122 56 116 92 96 110 120 67 144 121 63 122 60 99 91
 142 108 79 93 98 90 109 97 58 109 115 91 134 120 118 132 127 86 113 80 77 122 140 123 71 105 0 75 134 71 139 88 90 59 128 124 112 112 49 48 89 72 60 50 67 33 123 112 101 109 92 97 99 95 93 110 103 129 130 88 70 89 105 136 113 97 105 53 136 127
 101 44 18 37 67 49 42 20 60 82 107 78 86 67 53 94 111 33 40 35 68 72 96 58 86 27 75 0 96 48 98 34 91 61 81 91 89 74 72 70 63 34 49 30 92 57 95 117 32 92 84 84 72 102 24 108 52 106 87 82 90 102 62 131 108 57 107 40 94 86
 40 82 86 69 55 77 90 102 106 72 95 91 18 150 55 44 147 68 85 119 91 42 42 65 136 101 134 96 0 123 36 91 96 81 30 23 51 25 111 114 96 73 86 91 137 114 48 110 110 67 64 76 62 107 98 93 45 70 48 80 130 117 35 96 85 36 99 97 36 17
 128 79 48 68 88 72 79 61 62 101 118 89 116 82 91 120 121 62 81 41 77 103 124 95 82 69 71 48 123 0 124 61 95 63 110 113 106 98 64 63 77 53 54 32 83 47 115 120 66 106 93 95 90 103 58 115 82 123 113 89 84 101 88 140 116 81 112 40 120 112
 53 84 89 72 62 82 92 104 112 80 105 98 29 153 56 56 152 72 86 122 98 45 53 66 142 103 139 98 36 124 0 91 103 86 31 35 60 27 116 118 99 75 89 93 141 117 57 118 110 74 73 83 66 114 97 101 44 78 48 86 134 124 35 106 94 37 107 99 35 23
 98 44 25 35 65 48 44 41 68 80 107 79 84 88 55 92 114 31 47 58 71 70 94 59 97 46 88 34 91 61 91 0 89 60 77 85 83 68 77 75 60 29 49 37 98 67 88 114 53 86 79 79 65 100 44 104 48 100 81 78 95 103 56 126 103 51 104 46 88 80
 92 95 79 76 51 68 100 101 60 58 52 41 90 133 96 80 111 70 105 99 40 85 93 102 79 107 90 91 96 95 103 89 0 26 97 79 63 76 50 60 78 65 53 63 79 65 79 56 112 59 34 49 64 43 104 51 83 80 98 35 73 52 75 77 54 68 47 66 101 89
 78 68 49 50 34 42 72 71 29 43 48 22 74 101 72 67 80 43 77 67 9 66 78 77 52 78 59 61 81 63 86 60 26 0 84 71 57 65 31 36 55 42 28 38 58 41 71 57 88 53 34 41 51 41 80 52 66 74 85 30 51 44 61 78 55 53 49 40 89 79
 49 67 74 57 56 70 74 86 102 74 101 91 25 137 35 52 143 58 67 107 90 35 49 46 133 84 128 81 30 110 31 77 97 84 0 35 61 26 112 114 93 67 84 85 137 112 58 118 96 74 73 82 63 113 82 101 30 79 41 85 130 122 27 108 95 31 107 92 33 18
 20 78 81 64 42 69 86 97 95 57 76 77 19 144 55 25 136 63 83 113 78 38 31 64 123 98 124 91 23 113 35 85 79 71 35 0 38 25 102 106 92 71 80 87 129 107 37 96 111 54 50 66 55 95 100 78 48 57 50 69 121 106 36 79 69 35 85 93 41 22
 45 80 77 63 30 63 88 96 82 43 62 62 46 138 67 34 124 60 88 107 63 49 48 75 108 99 112 89 51 106 60 83 63 57 61 38 0 39 84 89 81 63 67 76 111 92 37 78 110 35 33 47 45 76 99 61 57 39 63 50 104 87 44 69 54 39 67 81 62 48
 35 60 64 47 36 55 68 80 85 53 81 71 18 127 37 34 125 46 64 97 71 20 31 46 115 80 112 74 25 98 27 68 76 65 26 25 39 0 94 96 77 54 68 72 119 95 38 98 92 54 53 61 44 93 80 81 29 59 31 65 112 102 16 89 75 17 87 78 30 20
 109 89 64 73 65 66 92 84 31 73 67 52 105 108 97 98 100 65 97 69 39 95 108 102 23 92 49 72 111 64 116 77 50 31 112 102 84 94 0 23 77 63 47 47 32 25 101 73 99 83 60 71 81 57 91 75 92 104 114 59 37 48 90 100 78 82 68 49 119 109
 113 88 62 72 69 66 91 82 30 78 79 58 108 106 97 102 101 64 95 68 44 97 112 102 39 90 48 70 114 63 118 75 60 36 114 106 89 96 23 0 74 59 44 42 41 23 103 83 94 86 66 74 80 66 86 83 89 106 113 62 40 59 88 108 86 80 76 44 118 109
 99 68 51 50 59 44 72 72 64 73 97 69 90 109 75 91 106 43 77 77 61 77 96 80 95 78 89 63 96 77 99 60 78 55 93 92 81 77 77 74 0 33 38 41 91 64 84 99 81 76 66 67 59 86 72 90 61 92 86 64 86 89 61 113 90 54 90 46 93 84
 79 37 22 20 42 24 41 42 49 57 83 56 66 84 46 71 93 13 46 53 48 53 75 50 80 48 72 34 73 53 75 29 65 42 67 71 63 54 63 59 33 0 32 28 84 56 72 94 59 67 60 60 47 81 50 84 41 82 69 58 80 84 44 106 84 37 84 35 76 68
 88 59 37 42 45 36 63 59 34 57 74 45 80 91 67 78 77 35 68 57 34 68 85 72 65 66 60 49 86 54 89 49 53 28 84 80 67 68 47 44 38 32 0 26 68 42 78 82 74 67 54 55 54 67 66 75 60 85 84 49 63 68 59 100 76 52 73 29 90 81
 94 52 22 38 54 38 53 42 33 67 85 56 84 68 63 86 87 31 57 34 44 71 91 67 61 50 50 30 91 32 93 37 63 38 85 87 76 72 47 42 41 28 26 0 67 34 88 94 58 79 66 68 63 78 50 88 59 96 88 62 65 78 63 113 89 56 86 15 95 87
 135 111 84 95 91 89 114 104 53 100 97 79 130 127 120 125 124 88 118 88 66 120 135 125 43 112 67 92 137 83 141 98 79 58 137 129 111 119 32 41 91 84 68 67 0 34 120 95 111 103 81 90 98 79 103 97 108 123 131 78 54 70 106 122 100 99 90 61 136 127
 115 81 52 66 71 63 83 70 29 81 85 62 107 92 92 104 100 59 87 52 48 96 113 96 33 78 33 57 114 47 117 67 65 41 112 107 92 95 25 23 64 56 42 34 34 0 107 92 84 92 74 80 83 75 76 91 88 112 114 70 48 68 89 117 94 82 85 37 120 111
 44 83 83 68 41 71 91 102 95 57 79 76 43 146 67 35 136 66 91 115 77 48 45 75 122 104 123 95 48 115 57 88 79 71 58 37 37 38 101 103 84 72 78 88 120 107 0 92 111 49 47 59 50 89 100 75 53 52 58 63 115 100 40 82 68 37 81 87 56 42
 103 119 104 100 70 93 124 126 83 76 43 66 105 158 117 92 136 94 129 124 65 104 107 123 95 132 112 117 110 120 118 114 56 57 118 96 78 98 73 83 99 94 82 94 95 92 92 0 135 71 38 66 83 50 127 49 102 91 114 54 90 60 93 68 50 86 40 89 115 102
 120 62 44 58 90 73 60 42 86 106 132 104 103 93 67 115 137 56 53 58 94 90 116 72 112 38 101 32 110 66 110 53 112 88 96 111 110 92 99 94 81 59 74 58 111 84 111 135 0 112 105 105 90 124 20 129 64 125 100 103 113 125 75 151 129 72 129 63 107 99
 61 85 79 68 31 65 93 100 80 41 61 58 61 139 77 49 123 64 95 107 60 61 63 84 105 104 109 92 67 106 74 86 59 53 74 54 35 54 83 86 76 67 67 79 103 92 49 71 112 0 29 42 47 70 102 57 64 51 74 45 99 81 53 71 51 47 63 78 74 61
 57 81 71 63 27 57 88 92 62 34 28 39 59 129 75 46 108 58 91 96 41 60 61 82 82 97 92 84 64 93 73 79 34 34 73 50 33 53 60 66 66 60 54 66 81 74 47 38 105 29 0 34 49 46 101 29 67 53 78 29 82 58 57 47 25 50 36 70 77 64
 72 81 72 63 31 57 88 93 67 37 59 46 70 130 78 61 111 58 91 97 47 66 73 84 93 97 97 84 76 95 83 79 49 41 82 66 47 61 71 74 67 60 55 68 90 80 59 66 105 42 34 0 47 61 96 55 66 63 79 33 86 71 57 76 53 50 58 67 81 70
 62 63 60 46 26 46 71 79 71 44 75 58 55 121 57 54 112 42 73 90 57 46 60 64 101 82 99 72 62 90 66 65 64 51 63 55 45 44 81 80 59 47 54 63 98 83 50 83 90 47 49 47 0 77 81 71 45 60 60 50 94 86 37 88 68 29 75 63 64 54
 101 106 90 88 62 80 112 111 66 69 51 53 101 142 108 90 121 81 116 107 49 97 103 114 79 118 95 102 107 103 114 100 43 41 113 95 76 93 57 66 86 81 67 78 79 75 89 50 124 70 46 61 77 0 115 53 95 90 110 46 75 47 87 78 56 80 46 75 112 100
 109 51 36 48 81 64 49 34 78 97 124 95 91 85 53 104 129 46 39 49 86 78 104 58 104 28 93 24 98 58 97 44 104 80 82 100 99 80 91 86 72 50 66 50 103 76 100 127 20 102 101 96 81 115 0 125 55 120 93 100 110 122 68 147 125 65 126 60 99 91
 85 106 95 88 54 82 113 116 80 60 38 59 87 151 102 74 129 83 116 118 60 88 89 109 97 122 110 108 93 115 101 104 51 52 101 78 61 81 75 83 90 84 75 88 97 91 75 49 129 57 29 55 71 53 125 0 89 75 100 45 93 66 79 58 36 72 40 85 100 86
 58 38 46 30 45 47 46 58 79 63 94 75 38 109 10 56 121 32 39 78 72 28 54 19 110 56 103 52 45 82 44 48 83 66 30 48 57 29 92 89 61 41 60 59 108 88 53 102 64 64 67 66 45 95 55 89 0 77 40 74 110 108 18 109 91 18 99 67 46 38
 64 97 94 80 47 80 105 114 99 60 80 79 64 155 85 52 141 77 106 124 80 67 66 93 126 116 129 106 70 123 78 100 80 74 79 57 39 59 104 106 92 82 85 96 123 112 52 91 125 51 53 63 60 90 120 75 77 0 75 62 115 98 56 81 66 51 79 92 74 60
 61 73 78 61 58 72 81 93 103 76 105 92 41 142 47 60 143 61 76 111 91 35 57 57 134 92 130 87 48 113 48 81 98 85 41 50 63 31 114 113 86 69 84 88 131 114 58 114 100 74 78 79 60 110 93 100 40 75 0 81 125 118 23 108 93 26 104 88 43 35
 76 82 69 63 35 56 88 90 58 41 49 35 74 125 81 64 104 57 92 92 37 69 77 87 80 96 88 82 80 89 86 78 35 30 85 69 50 65 59 62 64 58 49 62 78 70 63 54 103 45 29 33 50 46 100 45 74 62 81 0 75 58 61 71 48 54 47 62 86 75
 128 107 82 90 84 84 110 102 49 93 91 72 123 127 115 117 118 83 114 89 58 113 127 120 56 110 70 90 130 84 134 95 73 51 130 121 104 112 37 40 86 80 63 65 54 48 115 90 113 99 82 86 94 75 110 93 110 115 125 75 0 65 99 115 93 91 83 58 128 119
 112 111 91 93 72 85 115 113 63 79 62 59 111 141 114 101 122 86 120 106 52 106 114 120 70 120 89 102 117 101 124 103 52 44 122 106 87 102 48 59 89 84 68 78 70 68 100 60 125 81 58 71 86 47 122 66 108 98 118 58 65 0 95 88 67 87 56 73 121 109
 46 48 53 35 36 47 56 68 78 54 84 69 28 116 25 43 119 35 52 86 67 15 41 34 109 67 105 62 35 88 35 56 75 61 27 36 44 16 90 88 61 44 59 63 106 89 40 93 75 53 57 57 37 87 68 79 18 56 23 61 99 95 0 97 80 8 90 70 37 29
 87 126 118 108 72 104 133 139 106 79 52 84 91 176 117 77 155 104 136 143 86 99 95 124 122 144 136 131 96 140 106 126 77 78 108 79 69 89 100 108 113 106 100 113 122 117 82 68 151 71 47 76 88 78 147 58 109 81 108 71 115 88 97 0 46 85 63 110 106 90
 77 105 95 87 51 81 112 116 83 58 35 61 79 152 98 66 131 82 115 119 62 82 82 105 100 121 113 108 85 116 94 103 54 55 95 69 54 75 78 86 90 84 76 89 100 94 68 50 129 51 25 53 68 56 125 36 91 66 93 48 93 67 80 46 0 69 44 89 95 81
 44 43 47 30 29 39 51 63 71 47 77 61 29 110 26 40 111 29 49 80 59 15 40 34 102 63 97 57 36 81 37 51 68 53 31 35 39 17 82 80 54 37 52 56 99 82 37 86 72 47 50 50 29 80 65 72 18 51 26 54 91 87 8 85 69 0 83 63 40 31
 92 108 95 90 59 83 114 116 76 65 36 57 94 149 106 81 127 84 118 115 56 93 96 113 90 122 105 107 99 112 107 104 47 49 107 85 67 87 68 76 90 84 73 86 90 85 81 40 129 63 36 58 75 46 126 40 99 79 104 47 83 56 90 63 44 83 0 83 106 93
 100 60 32 46 59 45 62 52 35 71 88 59 90 78 71 91 90 39 66 43 47 77 97 76 63 60 53 40 97 40 99 46 66 40 92 93 81 78 49 44 46 35 29 15 61 37 87 89 63 78 70 67 63 75 60 85 67 92 88 62 58 73 70 110 89 63 83 0 100 92
 53 80 85 68 60 78 88 100 109 78 104 96 29 149 52 55 149 68 82 118 95 41 52 62 139 99 136 94 36 120 35 88 101 89 33 41 62 30 119 118 93 76 90 95 136 120 56 115 107 74 77 81 64 112 99 100 46 74 43 86 128 121 37 106 95 40 106 100 0 23
 36 72 77 60 50 70 80 92 100 66 91 85 12 141 43 40 140 60 74 110 85 33 38 54 130 91 127 86 17 112 23 80 89 79 18 22 48 20 109 109 84 68 81 87 127 111 42 102 99 61 64 70 54 100 91 86 38 60 35 75 119 109 29 90 81 31 93 92 23 0

 0 64 83 59 36 65 70 88 91 41 73 202 31 99 59 34 81 86 93 117 72 40 32 59 118 88 100 109 32 112 25 87 119 89 59 21 35 43 116 113 82 68 74 87 109 109 16 89 93 194 48 59 42 91 112 63 67 41 35 72 94 101 160 73 53 54 77 97 38 39
 64 0 29 13 45 34 11 30 63 52 94 197 70 45 33 82 56 42 38 64 60 49 74 27 93 29 65 51 73 62 55 32 121 78 76 78 69 67 95 87 50 25 44 44 84 74 54 104 34 217 71 67 42 95 53 83 46 73 46 77 72 99 161 111 80 52 92 56 64 74
 83 29 0 27 54 37 25 22 53 59 97 196 89 29 55 98 50 50 53 48 56 68 92 50 80 28 51 40 92 46 75 28 120 74 98 96 81 86 85 76 48 25 37 29 72 60 69 104 31 226 76 73 54 94 53 87 69 85 66 79 62 94 181 118 85 71 94 43 84 94
 59 13 27 0 37 26 18 33 57 44 86 188 67 45 37 77 48 34 46 64 52 46 70 32 87 35 60 54 70 61 53 33 112 70 76 74 62 64 89 81 42 18 37 40 78 69 49 95 40 210 63 59 35 87 60 75 48 66 44 68 65 91 158 103 72 49 84 52 62 72
 36 45 54 37 0 36 50 64 56 9 52 167 54 70 56 49 46 61 78 87 37 41 50 52 83 67 65 84 56 81 43 63 87 54 75 52 29 53 81 78 51 40 40 56 74 74 22 65 72 173 27 27 15 61 93 41 63 33 41 40 59 70 159 67 36 48 53 65 54 62
 65 34 37 26 36 0 34 45 49 37 77 179 73 50 53 78 39 44 64 68 42 53 73 48 79 49 55 64 76 63 61 44 102 60 87 77 60 70 80 73 34 20 29 38 70 64 50 86 53 205 55 51 33 77 74 67 63 64 53 59 57 81 168 97 64 56 75 49 70 80
 70 11 25 18 50 34 0 25 63 56 98 199 75 42 36 87 57 44 36 60 61 54 79 31 92 24 63 46 78 59 60 29 123 79 80 83 74 72 95 87 51 26 45 42 84 73 59 106 29 222 75 71 47 98 48 87 51 78 51 80 72 100 166 115 84 57 95 55 69 79
 88 30 22 33 64 45 25 0 62 69 108 207 94 30 55 105 60 57 48 47 67 73 98 49 88 17 58 31 97 48 79 33 131 85 99 101 89 91 94 85 58 34 48 38 81 67 77 115 18 236 86 83 62 104 40 97 70 94 70 89 71 105 185 128 95 76 104 52 88 98
 91 63 53 57 56 49 63 62 0 54 74 177 105 52 87 103 35 75 91 64 32 86 102 82 45 68 25 77 107 55 93 66 96 49 121 105 81 102 47 39 56 47 29 35 36 32 76 78 68 222 62 63 60 65 90 67 97 85 86 63 24 61 201 101 68 90 70 41 103 112
 41 52 59 44 9 37 56 69 54 0 49 165 60 73 63 54 48 67 84 90 35 49 56 60 82 73 66 89 63 84 51 68 84 53 83 57 32 60 79 77 55 45 42 59 73 74 28 61 78 173 24 23 23 58 99 37 71 36 49 36 58 67 167 64 33 56 49 67 62 68
 73 94 97 86 52 77 98 108 74 49 0 183 94 104 105 83 73 105 124 120 52 89 90 101 86 110 82 124 96 111 86 105 88 68 120 86 61 98 83 88 89 81 69 87 80 88 60 38 114 203 28 55 64 50 136 25 112 66 88 54 66 60 207 47 20 96 30 94 98 103
 202 197 196 188 167 179 199 207 177 165 183 0 173 159 169 167 128 163 183 174 109 159 170 165 154 166 142 179 176 166 163 161 161 126 194 171 145 172 152 151 145 138 124 142 146 149 141 145 170 284 123 126 131 136 191 130 177 149 159 124 131 141 276 163 130 164 135 149 174 181
 31 70 89 67 54 73 75 94 105 60 94 173 0 104 56 55 92 90 92 122 86 42 43 56 131 89 110 112 28 118 19 91 135 103 53 38 54 44 130 126 91 73 84 95 122 119 33 109 94 212 68 75 53 109 112 83 65 59 33 88 107 118 160 95 73 57 97 105 32 33
 99 45 29 45 70 50 42 30 52 73 104 159 104 0 71 113 56 66 67 33 62 85 108 66 75 36 45 42 109 33 92 44 127 79 114 112 95 102 82 73 59 40 44 28 68 53 85 111 33 239 87 84 68 99 55 96 85 99 83 88 60 97 197 129 95 87 101 42 101 111
 59 33 55 37 56 53 36 55 87 63 105 169 56 71 0 79 78 64 51 90 79 42 68 14 117 49 90 75 61 89 42 58 137 97 59 70 71 59 118 111 72 49 67 70 108 100 53 117 54 224 80 79 51 112 70 94 33 76 35 91 95 117 153 117 88 50 105 82 51 60
 34 82 98 77 49 78 87 105 103 54 83 167 55 113 79 0 88 96 105 126 78 55 48 73 124 99 107 119 53 121 45 98 124 95 79 43 41 59 122 119 91 77 81 96 116 115 24 95 105 199 54 65 51 97 124 69 82 46 51 77 100 107 174 80 59 67 83 105 57 60
 81 56 50 48 46 39 57 60 35 48 73 128 92 56 78 88 0 65 84 69 29 74 90 71 63 63 41 75 95 61 80 59 94 47 109 93 70 89 63 57 45 38 19 36 54 50 64 78 66 212 55 54 48 67 88 63 86 74 73 56 40 67 189 97 63 77 68 43 90 99
 86 42 50 34 61 44 44 57 75 67 105 163 90 66 64 96 65 0 65 77 64 64 88 52 98 52 72 69 88 74 72 48 125 82 96 92 78 82 100 92 54 30 49 52 90 81 66 108 57 225 77 73 50 99 77 89 69 82 63 81 77 103 177 118 86 67 97 64 81 91
 93 38 53 46 78 64 36 48 91 84 124 183 92 67 51 105 84 65 0 79 85 70 96 41 115 36 86 63 92 80 73 51 147 103 92 99 93 87 119 110 75 50 69 65 107 96 78 130 41 243 97 93 68 121 57 109 63 98 65 103 95 124 181 137 106 74 118 78 82 92
 117 64 48 64 87 68 60 47 64 90 120 174 122 33 90 126 69 77 79 0 73 99 122 80 80 48 50 55 123 37 106 59 138 90 129 126 109 117 88 80 72 54 55 39 74 58 99 122 43 252 99 96 82 109 64 108 99 113 97 100 67 107 212 141 107 102 112 52 115 125
 72 60 56 52 37 42 61 67 32 35 52 109 86 62 79 78 29 64 85 73 0 73 85 75 56 73 43 84 91 69 78 68 75 28 108 87 61 87 54 52 52 45 28 45 48 50 57 59 75 201 40 42 45 47 97 46 89 65 73 41 32 49 189 80 46 77 49 52 88 96
 40 49 68 46 41 53 54 73 86 49 89 159 42 85 42 55 74 64 70 99 73 0 47 39 114 69 91 91 45 98 28 70 123 88 56 50 50 39 113 108 71 53 65 75 105 101 31 101 74 205 62 64 37 98 92 77 48 55 20 76 90 106 140 96 69 36 89 85 37 47
 32 74 92 70 50 73 79 98 102 56 90 170 43 108 68 48 90 88 96 122 85 47 0 62 125 91 106 112 42 116 33 91 128 97 67 40 46 47 123 120 87 72 79 92 117 115 25 101 97 204 60 68 48 101 115 75 71 51 39 81 101 111 163 89 66 58 89 102 45 49
 59 27 50 32 52 48 31 49 82 60 101 165 56 66 14 73 71 52 41 80 75 39 62 0 113 45 86 71 62 84 43 53 134 93 61 70 70 59 114 107 68 44 63 65 104 95 52 114 50 222 78 76 49 109 66 92 33 75 36 88 91 114 153 115 86 49 103 78 52 62
 118 93 80 87 83 79 92 88 45 82 86 154 131 75 117 124 63 98 115 80 56 114 125 113 0 93 36 101 135 73 121 93 113 70 150 131 105 130 37 46 85 76 58 61 24 34 101 88 92 245 80 87 88 76 114 82 126 110 115 83 29 66 230 115 83 119 82 67 131 140
 88 29 28 35 67 49 24 17 68 73 110 166 89 36 49 99 63 52 36 48 73 69 91 45 93 0 65 37 95 55 77 37 136 91 96 101 91 90 101 92 63 39 54 45 88 74 78 120 13 239 90 86 64 110 33 102 67 95 68 94 78 111 183 132 99 75 109 59 86 96
 100 65 51 60 65 55 63 58 25 66 82 142 110 45 90 107 41 72 86 50 43 91 106 86 36 65 0 73 116 45 101 67 107 60 128 115 92 110 46 38 62 51 36 33 31 17 85 88 64 232 73 74 69 75 86 78 102 96 94 74 26 68 209 112 79 97 80 40 111 120
 109 51 40 54 84 64 46 31 77 89 124 179 112 42 75 119 75 69 63 55 84 91 112 71 101 37 73 0 112 56 94 47 142 96 115 116 103 106 103 94 70 47 59 47 90 75 91 127 29 249 99 95 76 116 51 110 85 107 85 102 80 115 200 141 108 91 116 61 103 113
 32 73 92 70 56 76 78 97 107 63 96 176 28 109 61 53 95 88 92 123 91 45 42 62 135 95 116 112 0 120 21 93 136 105 53 37 54 46 131 127 92 75 85 97 124 121 33 109 96 213 68 76 55 110 114 84 67 60 35 89 109 119 162 95 74 59 97 107 34 33
 112 62 46 61 81 63 59 48 55 84 111 166 118 33 89 121 61 74 80 37 69 98 116 84 73 55 45 56 120 0 104 58 130 82 128 122 104 114 79 71 68 50 48 33 65 49 95 114 47 247 92 90 78 101 69 101 99 108 95 93 58 98 210 134 100 99 105 45 113 123
 25 55 75 53 43 61 60 79 93 51 86 163 19 92 42 45 80 72 73 106 78 28 33 43 121 77 101 94 21 104 0 79 129 96 40 35 49 34 122 117 81 63 74 85 114 110 28 103 82 206 63 69 45 103 99 78 52 54 21 81 99 112 148 91 69 46 91 95 19 25
 87 32 28 33 63 44 29 33 66 68 105 161 91 44 58 98 59 48 51 59 68 70 91 53 93 37 67 47 93 58 79 0 127 82 98 97 84 87 95 86 54 29 46 41 83 72 71 111 37 230 81 77 56 101 58 93 68 88 66 85 72 103 181 123 90 72 100 54 84 94
 119 121 120 112 87 102 123 131 96 84 88 161 135 127 137 124 94 125 147 138 75 123 128 134 113 136 107 142 136 130 129 127 0 74 144 117 90 121 94 97 98 91 76 93 90 96 88 79 122 229 62 73 81 70 144 66 129 94 109 68 76 78 226 100 67 115 69 100 123 129
 89 78 74 70 54 60 79 85 49 53 68 126 103 79 97 95 47 82 103 90 28 88 97 93 70 91 60 96 105 82 96 82 74 0 120 98 73 99 64 62 64 57 40 57 58 61 69 69 87 212 51 54 57 57 109 56 101 77 85 52 43 59 201 90 57 89 60 63 100 108
 59 76 98 76 75 87 80 99 121 83 120 194 53 114 59 79 109 96 92 129 108 56 67 61 150 96 128 115 53 128 40 98 144 120 0 61 76 59 144 139 101 81 95 103 136 131 55 129 94 232 89 94 68 128 110 104 64 81 40 106 121 136 166 119 96 66 117 114 43 46
 21 78 96 74 52 77 83 101 105 57 86 171 38 112 70 43 93 92 99 126 87 50 40 70 131 101 115 116 37 122 35 97 117 98 61 0 47 52 128 125 94 79 85 99 122 120 28 101 103 206 60 72 54 104 122 75 76 53 43 84 106 114 169 84 64 64 89 109 45 44
 35 69 81 62 29 60 74 89 81 32 61 145 54 95 71 41 70 78 93 109 61 50 46 70 105 91 92 103 54 104 49 84 90 73 76 47 0 58 102 100 75 63 64 80 96 97 20 75 94 179 35 45 36 77 113 50 77 27 48 57 81 87 169 66 41 60 63 89 58 62
 43 67 86 64 53 70 72 91 102 60 98 172 44 102 59 59 89 82 87 117 87 39 47 59 130 90 110 106 46 114 34 87 121 99 59 52 58 0 125 120 84 67 78 89 117 113 34 108 89 211 68 72 48 107 107 83 62 60 29 85 102 115 154 99 75 51 96 99 39 47
 116 95 85 89 81 80 95 94 47 79 83 152 130 82 118 122 63 100 119 88 54 113 123 114 37 101 46 103 131 79 122 95 94 64 144 128 102 125 0 46 83 75 56 63 29 42 96 82 95 239 74 81 84 70 117 76 124 104 111 78 26 60 227 109 77 115 76 69 127 135
 113 87 76 81 78 73 87 85 39 77 88 151 126 73 111 119 57 92 110 80 52 108 120 107 46 92 38 94 127 71 117 86 97 62 139 125 100 120 46 0 75 66 48 53 33 35 93 87 85 237 75 79 78 74 107 79 116 101 105 76 24 66 220 112 80 108 79 59 121 130
 82 50 48 42 51 34 51 58 56 55 89 145 91 59 72 91 45 54 75 72 52 71 87 68 85 63 62 70 92 68 81 54 98 64 101 94 75 84 83 75 0 29 31 41 72 65 63 92 61 216 64 61 46 83 82 75 77 76 67 67 59 85 182 106 73 71 82 50 85 94
 68 25 25 18 40 20 26 34 47 45 81 138 73 40 49 77 38 30 50 54 45 53 72 44 76 39 51 47 75 50 63 29 91 57 81 79 63 67 75 66 29 0 29 32 69 61 55 91 43 211 62 58 38 82 64 73 61 70 54 65 57 84 169 103 71 58 80 43 72 82
 74 44 37 37 40 29 45 48 29 42 69 124 84 44 67 81 19 49 69 55 28 65 79 63 58 54 36 59 85 48 74 46 76 40 95 85 64 78 56 48 31 29 0 28 51 45 59 77 56 209 54 51 43 66 78 62 78 71 67 54 38 66 182 95 61 71 67 35 84 93
 87 44 29 40 56 38 42 38 35 59 87 142 95 28 70 96 36 52 65 39 45 75 92 65 61 45 33 47 97 33 85 41 93 57 103 99 80 89 63 53 41 32 28 0 54 41 73 93 44 225 70 68 56 81 66 79 81 86 75 71 44 80 190 112 78 79 84 25 93 103
 109 84 72 78 74 70 84 81 36 73 80 146 122 68 108 116 54 90 107 74 48 105 117 104 24 88 31 90 124 65 114 83 90 58 136 122 96 117 29 33 72 69 51 54 0 29 93 82 85 237 73 78 79 70 107 76 118 101 106 75 21 60 221 109 77 110 76 59 122 131
 109 74 60 69 74 64 73 67 32 74 88 149 119 53 100 115 50 81 96 58 50 101 115 95 34 74 17 75 121 49 110 72 96 61 131 120 97 113 42 35 65 61 45 41 29 0 93 92 71 239 79 81 77 79 93 83 111 103 102 80 28 71 217 117 84 106 84 48 119 128
 16 54 69 49 22 50 59 77 76 28 60 141 33 85 53 24 64 66 78 99 57 31 25 52 101 78 85 91 33 95 28 71 88 69 55 28 20 34 96 93 63 55 59 73 93 93 0 78 84 182 38 46 30 79 103 53 62 29 32 59 81 89 154 68 44 47 66 84 41 45
 89 104 104 95 65 86 106 115 78 61 38 145 109 111 117 95 78 108 130 122 59 101 101 114 88 120 88 127 109 114 103 111 79 69 129 101 75 108 82 87 92 91 77 93 82 92 78 0 117 213 38 62 72 49 139 36 120 77 97 59 65 58 216 63 35 105 34 95 109 114
 93 34 31 40 72 53 29 18 68 78 114 170 94 33 54 105 66 57 41 43 75 74 97 50 92 13 64 29 96 47 82 37 122 87 94 103 94 89 95 85 61 43 56 44 85 71 84 117 0 245 96 92 70 114 23 107 73 102 74 99 79 114 189 137 105 82 114 60 92 102
 194 217 226 210 173 205 222 236 222 173 203 284 212 239 224 199 212 225 243 252 201 205 204 222 245 239 232 249 213 247 206 230 229 212 232 206 179 211 239 237 216 211 209 225 237 239 182 213 245 0 127 136 134 167 212 142 180 135 155 148 172 177 274 164 134 164 155 182 166 171
 48 71 76 63 27 55 75 86 62 24 28 123 68 87 80 54 55 77 97 99 40 62 60 78 80 90 73 99 68 92 63 81 62 51 89 60 35 68 74 75 64 62 54 70 73 79 38 38 96 127 0 34 42 49 117 20 89 43 65 38 61 60 184 46 14 73 34 80 75 80
 59 67 73 59 27 51 71 83 63 23 55 126 75 84 79 65 54 73 93 96 42 64 68 76 87 86 74 95 76 90 69 77 73 54 94 72 45 72 81 79 61 58 51 68 78 81 46 62 92 136 34 0 36 60 108 42 84 49 62 38 61 69 180 71 38 69 52 73 75 82
 42 42 54 35 15 33 47 62 60 23 64 131 53 68 51 51 48 50 68 82 45 37 48 49 88 64 69 76 55 78 45 56 81 57 68 54 36 48 84 78 46 38 43 56 79 77 30 72 70 134 42 36 0 72 89 54 59 42 39 51 65 80 156 79 49 44 65 65 54 62
 91 95 94 87 61 77 98 104 65 58 50 136 109 99 112 97 67 99 121 109 47 98 101 109 76 110 75 116 110 101 103 101 70 57 128 104 77 107 70 74 83 82 66 81 70 79 79 49 114 167 49 60 72 0 129 42 115 78 95 53 52 47 212 75 43 101 42 83 108 114
 112 53 53 60 93 74 48 40 90 99 136 191 112 55 70 124 88 77 57 64 97 92 115 66 114 33 86 51 114 69 99 58 144 109 110 122 113 107 117 107 82 64 78 66 107 93 103 139 23 212 117 108 89 129 0 124 85 118 88 117 97 132 203 154 122 96 132 78 105 115
 63 83 87 75 41 67 87 97 67 37 25 130 83 96 94 69 63 89 109 108 46 77 75 92 82 102 78 110 84 101 78 93 66 56 104 75 50 83 76 79 75 73 62 79 76 83 53 36 107 142 20 42 54 42 124 0 102 56 78 45 63 59 197 48 16 86 29 86 89 93
 67 46 69 48 63 63 51 70 97 71 112 177 65 85 33 82 86 69 63 99 89 48 71 33 126 67 102 85 67 99 52 68 129 101 64 76 77 62 124 116 77 61 78 81 118 111 62 120 73 180 89 84 59 115 85 102 0 78 38 94 100 121 156 119 91 52 108 88 55 65
 41 73 85 66 33 64 78 94 85 36 66 149 59 99 76 46 74 82 98 113 65 55 51 75 110 95 96 107 60 108 54 88 94 77 81 53 27 60 104 101 76 70 71 86 101 103 29 77 102 135 43 49 42 78 118 56 78 0 52 61 84 90 173 70 45 64 67 92 62 66
 35 46 66 44 41 53 51 70 86 49 88 159 33 83 35 51 73 63 65 97 73 20 39 36 115 68 94 85 35 95 21 66 109 85 40 43 48 29 111 105 67 54 67 75 106 102 32 97 74 155 65 62 39 95 88 78 38 52 0 78 92 108 138 95 70 37 90 86 29 39
 72 77 79 68 40 59 80 89 63 36 54 124 88 88 91 77 56 81 103 100 41 76 81 88 83 94 74 102 89 93 81 85 68 52 106 84 57 85 78 76 67 65 54 71 75 80 59 59 99 148 38 38 51 53 117 45 94 61 78 0 57 63 191 73 40 80 48 75 87 94
 94 72 62 65 59 57 72 71 24 58 66 131 107 60 95 100 40 77 95 67 32 90 101 91 29 78 26 80 109 58 99 72 76 43 121 106 81 102 26 24 59 57 38 44 21 28 81 65 79 172 61 61 65 52 97 63 100 84 92 57 0 50 209 97 65 97 64 51 109 118
 101 99 94 91 70 81 100 105 61 67 60 141 118 97 117 107 67 103 124 107 49 106 111 114 66 111 68 115 119 98 112 103 78 59 136 114 87 115 60 66 85 84 66 80 60 71 89 58 114 177 60 69 80 47 132 59 121 90 108 63 50 0 220 85 54 108 52 81 117 123
 160 161 181 158 159 168 166 185 201 167 207 276 160 197 153 174 189 177 181 212 189 140 163 153 230 183 209 200 162 210 148 181 226 201 166 169 169 154 227 220 182 169 182 190 221 217 154 216 189 274 184 180 156 212 203 197 156 173 138 191 209 220 0 177 150 112 169 161 116 126
 73 111 118 103 67 97 115 128 101 64 47 163 95 129 117 80 97 118 137 141 80 96 89 115 115 132 112 141 95 134 91 123 100 90 119 84 66 99 109 112 106 103 95 112 109 117 68 63 137 164 46 71 79 75 154 48 119 70 95 73 97 85 177 0 31 104 57 116 100 102
 53 80 85 72 36 64 84 95 68 33 20 130 73 95 88 59 63 86 106 107 46 69 66 86 83 99 79 108 74 100 69 90 67 57 96 64 41 75 77 80 73 71 61 78 77 84 44 35 105 134 14 38 49 43 122 16 91 45 70 40 65 54 150 31 0 81 31 88 82 86
 54 52 71 49 48 56 57 76 90 56 96 164 57 87 50 67 77 67 74 102 77 36 58 49 119 75 97 91 59 99 46 72 115 89 66 64 60 51 115 108 71 58 71 79 110 106 47 105 82 164 73 69 44 101 96 86 52 64 37 80 97 108 112 104 81 0 93 85 50 59
 77 92 94 84 53 75 95 104 70 49 30 135 97 101 105 83 68 97 118 112 49 89 89 103 82 109 80 116 97 105 91 100 69 60 117 89 63 96 76 79 82 80 67 84 76 84 66 34 114 155 34 52 65 42 132 29 108 67 90 48 64 52 169 57 31 93 0 89 100 105
 97 56 43 52 65 49 55 52 41 67 94 149 105 42 82 105 43 64 78 52 52 85 102 78 67 59 40 61 107 45 95 54 100 63 114 109 89 99 69 59 50 43 35 25 59 48 84 95 60 182 80 73 65 83 78 86 88 92 86 75 51 81 161 116 88 85 89 0 101 111
 38 64 84 62 54 70 69 88 103 62 98 174 32 101 51 57 90 81 82 115 88 37 45 52 131 86 111 103 34 113 19 84 123 100 43 45 58 39 127 121 85 72 84 93 122 119 41 109 92 166 75 75 54 108 105 89 55 62 29 87 109 117 116 100 82 50 100 101 0 35
 39 74 94 72 62 80 79 98 112 68 103 181 33 111 60 60 99 91 92 125 96 47 49 62 140 96 120 113 33 123 25 94 129 108 46 44 62 47 135 130 94 82 93 103 131 128 45 114 102 171 80 82 62 114 115 93 65 66 39 94 118 123 126 102 86 59 105 111 35 0

 0 89 88 89 60 82 315 101 92 63 90 76 35 100 80 24 82 85 95 110 92 48 34 73 130 98 116 116 47 109 41 94 82 92 59 30 44 41 115 113 79 251 83 104 234 118 28 77 110 69 56 73 61 90 127 73 58 44 58 66 124 90 45 85 84 57 72 94 194 54
 89 0 35 44 70 52 257 44 65 75 112 72 75 47 55 73 58 42 41 58 81 58 77 42 106 40 82 59 89 60 72 40 85 82 77 88 79 66 95 88 48 209 54 62 210 84 67 93 52 93 80 82 62 95 69 94 38 77 70 72 103 89 47 124 112 56 88 54 221 90
 88 35 0 45 66 42 258 23 42 69 102 58 81 18 64 76 39 37 43 29 64 64 82 52 80 26 55 35 95 31 79 23 71 65 86 93 78 72 72 64 33 196 34 34 185 57 69 80 36 89 72 75 61 81 56 85 48 76 77 61 80 71 54 118 104 62 77 28 228 97
 89 44 45 0 66 48 268 51 63 71 108 67 76 51 63 72 54 38 53 62 77 59 77 51 104 50 81 66 90 63 74 45 80 78 81 88 76 67 93 86 44 206 51 62 208 83 66 88 62 90 76 78 59 91 80 90 44 74 72 67 100 85 48 120 108 57 84 54 223 92
 60 70 66 66 0 54 296 78 58 32 70 42 59 72 78 40 48 61 81 81 58 50 53 67 96 78 82 92 72 79 60 71 51 58 76 62 39 52 81 79 49 224 50 74 200 84 35 54 90 49 36 42 35 61 109 52 55 37 65 35 90 60 45 80 68 52 49 63 211 78
 82 52 42 48 54 0 276 55 47 56 91 50 74 48 71 65 37 40 63 58 59 58 72 59 88 56 68 68 88 57 74 48 62 60 84 83 66 65 76 70 28 200 35 52 192 70 59 71 67 77 60 62 49 73 86 74 51 64 73 50 84 67 50 106 92 56 67 43 223 92
 315 257 258 268 296 276 0 187 213 227 264 222 228 192 206 226 207 192 187 202 230 211 230 194 253 183 228 202 242 205 225 185 235 231 229 241 232 219 243 236 197 358 203 208 358 231 220 243 195 246 232 234 215 246 212 246 191 230 223 223 251 238 200 276 264 209 239 201 374 243
 101 44 23 51 78 55 187 0 56 84 118 74 91 24 69 88 54 49 43 33 80 74 93 56 93 20 67 31 105 38 88 33 87 81 92 103 91 82 86 78 48 210 50 48 199 69 82 96 28 104 87 90 74 96 48 100 54 90 86 76 94 87 63 133 119 72 92 42 237 106
 92 65 42 63 58 47 213 56 0 61 76 36 94 38 93 78 21 59 78 42 37 79 89 81 42 63 26 69 107 37 94 58 44 37 106 99 75 85 31 24 38 215 23 37 146 26 73 51 70 82 55 62 64 49 90 62 73 73 94 42 39 35 71 98 84 78 50 23 244 112
 63 75 69 71 32 56 227 84 61 0 65 38 63 73 83 43 48 65 85 82 54 56 57 73 93 82 81 95 77 80 66 74 46 55 82 65 40 57 77 76 51 227 50 75 197 82 39 48 94 47 31 36 41 56 113 46 61 38 71 29 87 55 51 75 63 58 43 63 217 82
 90 112 102 108 70 91 264 118 76 65 0 53 94 101 122 69 70 100 122 109 68 93 88 111 94 116 94 127 107 104 98 108 47 67 116 91 66 92 78 84 82 260 74 100 201 93 68 22 127 74 32 65 79 45 147 31 99 65 107 44 92 45 88 55 47 95 21 87 250 114
 76 72 58 67 42 50 222 74 36 38 53 0 78 61 91 58 30 63 86 68 30 68 73 80 67 77 59 87 92 64 80 69 25 30 95 81 55 71 52 52 43 222 34 60 172 59 54 34 88 60 32 41 51 36 107 41 69 53 83 19 62 31 62 76 62 68 31 47 231 97
 35 75 81 76 59 74 228 91 94 63 94 78 0 92 64 32 80 76 81 102 93 37 32 57 130 86 113 106 30 102 22 85 85 93 40 34 50 29 116 113 75 243 80 99 234 115 32 84 98 74 63 76 59 95 114 80 43 49 43 69 124 94 32 94 91 47 79 89 175 35
 100 47 18 51 72 48 192 24 38 73 101 61 92 0 77 88 42 50 54 11 67 78 95 65 72 31 46 34 109 15 93 36 75 67 99 106 89 85 66 58 41 208 38 30 178 47 82 84 35 99 80 83 72 83 55 91 61 87 91 67 75 71 67 126 111 75 81 24 242 111
 80 55 64 63 78 71 206 69 93 83 122 91 64 77 0 68 78 62 52 82 98 49 69 27 128 58 105 81 75 85 57 64 99 99 58 78 79 56 116 110 68 231 75 86 232 108 64 104 70 98 87 92 69 110 84 103 23 78 57 84 124 105 37 128 118 52 99 78 206 74
 24 73 76 72 40 65 226 88 78 43 69 58 32 88 68 0 67 73 85 97 76 41 28 65 114 87 101 104 46 96 39 83 65 76 57 30 28 35 99 97 66 238 68 91 219 102 14 61 100 52 40 57 48 74 117 57 51 27 52 49 108 74 37 70 68 48 56 80 191 53
 82 58 39 54 48 37 207 54 21 48 70 30 80 42 78 67 0 50 72 48 35 68 78 71 61 59 43 68 96 44 82 52 43 36 95 88 65 73 48 43 28 207 14 39 165 45 62 52 69 73 49 54 53 52 89 59 63 63 82 36 56 42 60 95 80 66 49 26 232 100
 85 42 37 38 61 40 192 49 59 65 100 63 76 50 62 73 50 0 52 55 69 57 75 51 95 47 73 61 88 56 73 40 73 70 81 86 72 65 84 77 36 198 43 54 200 75 63 81 59 85 70 72 54 83 77 84 45 70 71 60 92 77 47 115 102 55 77 46 222 91
 95 41 43 53 81 63 187 43 78 85 122 86 81 54 52 85 72 52 0 58 91 64 84 41 113 32 88 56 93 63 75 44 96 92 78 94 88 71 104 96 58 219 64 68 218 91 76 104 44 104 91 93 73 106 58 105 40 87 74 83 111 99 52 135 123 63 99 61 224 93
 110 58 29 62 81 58 202 33 42 82 109 68 102 11 82 97 48 55 58 0 73 87 104 74 72 38 46 42 118 14 102 46 81 73 109 115 98 95 67 60 49 217 44 36 179 47 91 90 40 107 87 90 81 88 59 98 70 96 100 74 77 76 77 133 118 85 87 29 251 120
 92 81 64 77 58 59 230 80 37 54 68 30 93 67 98 76 35 69 91 73 0 79 85 87 66 81 57 89 104 64 92 73 36 29 106 94 68 83 51 50 47 226 35 60 171 57 67 45 90 74 46 54 62 44 110 54 78 66 94 33 60 36 72 90 75 78 42 47 242 109
 48 58 64 59 50 58 211 74 79 56 93 68 37 78 49 41 68 57 64 87 79 0 40 44 117 70 98 89 51 86 35 68 77 82 47 50 50 28 103 99 59 227 65 83 221 101 34 80 82 71 61 69 47 88 98 78 30 49 34 61 111 86 16 99 91 30 75 73 184 53
 34 77 82 77 53 72 230 93 89 57 88 73 32 95 69 28 78 75 84 104 85 40 0 63 124 88 109 106 44 100 36 85 78 87 54 36 42 32 109 107 71 242 75 96 229 111 24 76 101 66 55 69 54 87 117 72 49 41 49 62 118 87 35 88 84 48 71 86 188 51
 73 42 52 51 67 59 194 56 81 73 111 80 57 65 27 65 71 51 41 74 87 44 63 0 119 49 96 72 71 75 53 54 91 90 55 73 73 51 107 101 59 221 66 76 223 98 58 96 61 91 80 84 62 102 75 96 18 72 53 76 115 97 32 121 111 46 92 69 202 71
 130 106 80 104 96 88 253 93 42 93 94 67 130 72 128 114 61 95 113 72 66 117 124 119 0 96 45 101 143 63 130 93 69 66 143 133 107 121 29 39 75 252 60 71 142 36 106 69 102 113 81 94 100 68 122 85 110 106 131 70 52 48 108 120 107 115 70 57 280 148
 98 40 26 50 78 56 183 20 63 82 116 77 86 31 58 87 59 47 32 38 81 70 88 49 96 0 73 36 102 44 85 36 91 86 88 102 92 80 92 84 52 214 55 54 205 75 82 100 22 106 90 92 75 101 40 104 50 90 83 80 100 92 60 136 122 70 96 48 234 103
 116 82 55 81 82 68 228 67 26 81 94 59 113 46 105 101 43 73 88 46 57 98 109 96 45 73 0 76 127 38 113 70 66 59 124 120 97 104 41 34 55 230 41 46 152 22 93 72 77 103 77 84 84 70 97 84 89 95 113 64 52 53 90 120 106 96 71 33 263 131
 116 59 35 66 92 68 202 31 69 95 127 87 106 34 81 104 68 61 56 42 89 89 106 72 101 36 76 0 117 43 100 44 95 89 105 115 102 94 92 84 57 220 58 54 205 74 93 105 36 114 97 99 85 105 56 110 66 100 98 86 100 94 75 143 129 84 101 48 249 118
 47 89 95 90 72 88 242 105 107 77 107 92 30 109 75 46 96 88 93 118 104 51 44 71 143 102 127 117 0 112 32 95 94 103 48 41 58 39 125 122 84 253 89 109 244 125 40 92 108 83 71 85 69 104 124 89 53 58 53 78 134 103 42 102 100 57 87 99 185 43
 109 60 31 63 79 57 205 38 37 80 104 64 102 15 85 96 44 56 63 14 64 86 100 75 63 44 38 43 112 0 103 48 76 68 111 114 96 95 61 54 48 216 40 33 173 41 90 85 47 105 83 87 80 83 67 94 73 94 101 70 71 70 78 129 114 85 83 25 252 121
 41 72 79 74 60 74 225 88 94 66 98 80 22 93 57 39 82 73 75 102 92 35 36 53 130 85 113 100 32 103 0 82 88 95 36 40 54 28 117 113 74 242 79 98 235 115 36 87 95 77 67 79 60 98 110 84 39 53 40 71 125 97 29 99 96 45 82 88 171 36
 94 40 23 45 71 48 185 33 58 74 108 69 85 36 64 83 52 40 44 46 73 68 85 54 93 36 70 44 95 48 82 0 80 75 88 96 83 75 84 76 41 202 45 48 198 71 73 89 44 95 79 81 65 90 63 93 49 81 79 69 92 82 56 125 111 65 85 41 230 99
 82 85 71 80 51 62 235 87 44 46 47 25 85 75 99 65 43 73 96 81 36 77 78 91 69 91 66 95 94 76 88 80 0 37 104 86 59 79 53 57 55 234 45 70 175 65 60 27 99 64 30 47 60 29 119 36 80 57 92 22 66 27 71 72 58 78 24 57 239 104
 92 82 65 78 58 60 231 81 37 55 67 30 93 67 99 76 36 70 92 73 29 82 87 90 66 86 59 89 103 68 95 75 37 0 107 94 69 84 50 49 48 227 36 61 170 57 68 44 91 74 46 55 63 43 111 53 79 67 95 33 60 35 73 89 75 79 42 47 243 110
 59 77 86 81 76 84 229 92 106 82 116 95 40 99 58 57 95 81 78 109 106 47 54 55 143 88 124 105 48 111 36 88 104 107 0 55 70 42 128 124 83 249 89 105 246 125 52 102 96 92 82 93 72 112 110 99 40 69 48 85 136 110 36 116 112 54 97 96 184 46
 30 88 93 88 62 83 241 103 99 65 91 81 34 106 78 30 88 86 94 115 94 50 36 73 133 102 120 115 41 114 40 96 86 94 55 0 47 41 118 116 82 253 85 107 238 120 31 80 111 72 59 77 64 94 128 76 58 47 57 69 127 94 45 87 86 58 75 97 192 50
