159 3

 0 755 714 951 1154 1319 1543 1733 1845 1938 2130 2124 2348 2525 2632 2718 2842 3368 3572 3668 3635 3434 3527 3720 3922 4325 4225 4458 4502 4165 3667 3447 3620 3349 3307 3105 3039 3019 3133 3215 2929 2962 3247 3313 3593 3865 3927 4083 4378 4640 4878 5054 5530 5732 5855 5903 6100 6238 6546 6653 6467 6297 6041 6290 6030 5983 5943 5888 5905 5785 5754 5717 5493 5129 4899 5178 5143 5586 5558 5515 5485 5453 5434 5493 5396 5351 5016 4827 4672 4500 4295 4092 4062 4539 4767 4886 5305 5291 5265 5249 5251 5237 5238 5245 5231 4925 4531 3617 3422 3219 3025 2825 2635 2725 2907 3108 3292 3582 3678 3467 3285 3127 2936 2108 1431 1098 1579 1960 1968 2225 2116 2564 2424 2498 2707 2649 2629 2889 2453 2630 2370 2493 2253 2150 2176 1960 1863 1783 1889 1734 1582 1437 1328 1390 1418 1093 1148 1017 296
 755 0 212 228 434 649 828 1020 1132 1226 1419 1436 1638 1816 1923 2025 2133 2646 2847 2947 2917 2727 2820 3024 3215 3628 3519 3740 3772 3437 2937 2720 2918 2659 2610 2431 2357 2368 2520 2611 2353 2435 2708 2821 3086 3373 3448 3616 3868 4147 4364 4508 4967 5161 5229 5263 5473 5611 5936 6076 5908 5757 5488 5781 5528 5490 5459 5412 5438 5328 5306 5279 5032 4650 4449 4741 4744 5179 5161 5130 5112 5091 5083 5154 5069 5037 4723 4529 4341 4164 3952 3812 3817 4235 4514 4619 5029 5028 5017 5013 5029 5028 5043 5064 5064 4789 4401 3486 3274 3075 2885 2690 2505 2431 2619 2826 3015 3309 3291 3071 2877 2706 2501 1820 1468 873 1212 1548 1635 1841 1615 2020 1820 1907 2076 2007 1940 2185 1735 1906 1643 1764 1528 1425 1447 1233 1136 1054 1159 1008 852 721 611 660 694 374 452 427 512
 714 212 0 301 472 608 843 1030 1141 1233 1424 1413 1641 1818 1924 2007 2133 2667 2873 2965 2929 2725 2818 3009 3212 3614 3515 3752 3821 3503 2989 2792 3025 2775 2722 2559 2480 2508 2673 2767 2517 2610 2879 3000 3262 3550 3627 3796 4042 4323 4537 4674 5129 5321 5373 5401 5616 5753 6084 6233 6069 5923 5652 5953 5701 5665 5635 5589 5617 5507 5486 5461 5212 4828 4630 4924 4930 5364 5347 5317 5299 5279 5272 5343 5259 5227 4914 4720 4531 4353 4142 4003 4008 4426 4705 4810 5220 5219 5208 5204 5220 5219 5234 5254 5254 4977 4589 3673 3462 3262 3072 2876 2691 2622 2810 3017 3206 3500 3479 3258 3064 2892 2687 2011 1629 1054 1403 1737 1826 2030 1797 2194 1981 2071 2226 2154 2062 2293 1828 1991 1719 1811 1558 1458 1493 1272 1179 1103 1218 1096 913 740 634 740 796 505 602 614 541
 951 228 301 0 236 466 630 822 934 1028 1221 1240 1440 1618 1725 1829 1935 2449 2651 2750 2720 2529 2622 2827 3017 3430 3321 3542 3582 3253 2747 2537 2756 2504 2452 2287 2209 2238 2407 2502 2259 2361 2627 2758 3015 3306 3385 3557 3791 4075 4285 4415 4867 5056 5103 5130 5345 5483 5815 5968 5807 5664 5391 5699 5450 5415 5386 5343 5373 5265 5247 5224 4970 4583 4392 4688 4704 5134 5121 5093 5078 5061 5057 5132 5051 5023 4717 4523 4325 4146 3934 3814 3829 4228 4520 4621 5028 5030 5022 5023 5043 5046 5065 5090 5094 4829 4444 3534 3319 3122 2936 2744 2563 2441 2628 2835 3023 3317 3262 3040 2844 2670 2463 1844 1590 964 1230 1537 1649 1832 1565 1946 1720 1811 1958 1885 1791 2024 1563 1730 1461 1572 1332 1229 1254 1038 941 861 969 832 662 523 413 477 526 239 346 429 714
 1154 434 472 236 0 305 434 626 738 832 1025 1047 1244 1422 1529 1634 1739 2255 2458 2555 2524 2333 2426 2631 2821 3235 3125 3347 3394 3072 2560 2359 2601 2359 2303 2155 2071 2120 2308 2407 2181 2305 2560 2710 2958 3252 3335 3509 3726 4014 4215 4332 4775 4960 4983 5002 5223 5361 5700 5866 5713 5579 5301 5626 5379 5348 5323 5282 5316 5212 5197 5177 4917 4525 4345 4644 4673 5099 5089 5065 5054 5041 5041 5120 5043 5019 4721 4527 4320 4141 3928 3828 3854 4232 4537 4633 5035 5042 5038 5043 5067 5074 5097 5126 5134 4878 4498 3594 3377 3184 3001 2813 2638 2470 2655 2860 3047 3339 3248 3024 2827 2651 2442 1892 1729 1088 1282 1554 1690 1847 1543 1894 1639 1735 1856 1778 1653 1871 1401 1560 1286 1384 1139 1036 1066 847 752 673 786 670 481 327 217 316 390 243 350 521 918
 1319 649 608 466 305 0 304 461 564 652 837 816 1051 1226 1332 1410 1540 2084 2293 2379 2339 2130 2223 2412 2616 3017 2919 3162 3261 2966 2435 2269 2573 2356 2291 2180 2088 2175 2390 2494 2295 2446 2687 2858 3093 3391 3477 3654 3846 4141 4330 4426 4855 5032 5016 5023 5254 5390 5741 5929 5788 5667 5383 5731 5489 5462 5442 5406 5444 5344 5334 5319 5050 4653 4488 4790 4834 5253 5248 5228 5222 5213 5217 5300 5228 5207 4917 4723 4508 4329 4116 4036 4070 4429 4746 4837 5235 5245 5245 5253 5281 5291 5317 5349 5359 5112 4734 3836 3618 3427 3247 3062 2889 2693 2876 3079 3264 3555 3430 3206 3008 2832 2622 2130 1999 1358 1529 1775 1926 2063 1730 2046 1758 1858 1940 1855 1678 1859 1374 1508 1226 1264 993 899 953 732 652 594 720 688 469 238 205 422 518 508 605 790 1124
 1543 828 843 630 434 304 0 222 334 428 621 656 840 1018 1125 1234 1335 1855 2060 2155 2122 1929 2022 2229 2417 2832 2721 2945 3011 2705 2181 2002 2298 2082 2016 1911 1818 1914 2140 2246 2062 2230 2460 2645 2870 3170 3257 3436 3612 3909 4091 4176 4599 4774 4747 4751 4983 5119 5472 5667 5530 5414 5127 5486 5247 5222 5204 5170 5211 5115 5107 5095 4822 4422 4266 4570 4626 5039 5037 5021 5018 5013 5022 5108 5039 5023 4742 4549 4325 4146 3934 3876 3923 4256 4586 4672 5063 5078 5082 5095 5127 5141 5171 5208 5223 4988 4618 3733 3513 3328 3154 2976 2812 2562 2741 2940 3121 3409 3244 3020 2823 2647 2438 2032 2028 1381 1456 1652 1825 1929 1565 1844 1533 1635 1693 1606 1411 1586 1100 1234 951 1004 745 645 688 466 380 319 445 438 230 123 213 312 386 554 613 823 1314
 1733 1020 1030 822 626 461 222 0 128 222 415 465 634 812 919 1031 1129 1652 1858 1951 1917 1723 1816 2023 2211 2626 2515 2740 2817 2521 1990 1826 2156 1956 1886 1807 1710 1832 2077 2185 2026 2215 2429 2632 2843 3144 3233 3412 3567 3867 4039 4107 4518 4687 4634 4629 4867 5002 5362 5572 5444 5337 5046 5423 5187 5165 5151 5122 5166 5073 5069 5061 4782 4379 4237 4542 4612 5017 5019 5007 5009 5007 5019 5110 5045 5033 4761 4570 4337 4160 3948 3912 3968 4278 4619 4701 5085 5104 5112 5128 5163 5182 5216 5256 5274 5050 4685 3812 3592 3412 3242 3070 2912 2627 2800 2995 3173 3457 3256 3034 2838 2664 2457 2123 2185 1541 1570 1731 1917 1995 1611 1849 1514 1617 1638 1548 1316 1460 974 1087 805 820 549 454 512 295 237 231 331 432 306 317 407 471 520 738 785 995 1508
 1845 1132 1141 934 738 564 334 128 0 130 323 386 542 720 827 941 1037 1562 1769 1860 1826 1631 1724 1932 2119 2534 2423 2649 2732 2442 1907 1752 2099 1909 1836 1773 1673 1810 2063 2172 2027 2225 2431 2641 2845 3147 3236 3416 3559 3860 4027 4087 4491 4657 4591 4581 4823 4957 5320 5537 5414 5312 5019 5405 5170 5151 5139 5111 5157 5066 5064 5058 4777 4372 4236 4542 4619 5020 5024 5015 5017 5018 5032 5125 5062 5052 4785 4594 4358 4181 3970 3944 4004 4304 4650 4729 5110 5131 5140 5158 5196 5216 5252 5293 5314 5095 4733 3866 3646 3468 3301 3132 2977 2675 2846 3038 3214 3496 3278 3057 2862 2689 2483 2185 2277 1635 1643 1788 1980 2046 1653 1872 1525 1628 1631 1540 1288 1415 933 1032 753 743 466 375 444 244 222 262 323 475 392 425 515 570 611 842 886 1096 1616
 1938 1226 1233 1028 832 652 428 222 130 0 219 304 438 616 723 840 933 1460 1668 1758 1722 1527 1620 1829 2015 2431 2319 2545 2636 2352 1813 1668 2034 1854 1779 1731 1629 1780 2042 2152 2021 2228 2425 2643 2840 3142 3231 3411 3542 3844 4007 4057 4455 4618 4538 4523 4767 4901 5268 5492 5373 5276 4982 5376 5144 5127 5116 5090 5138 5049 5049 5045 4761 4355 4226 4533 4616 5013 5020 5011 5016 5019 5035 5130 5069 5061 4799 4609 4369 4193 3983 3967 4032 4320 4671 4747 5125 5147 5158 5179 5218 5240 5277 5321 5343 5129 4770 3909 3690 3514 3350 3184 3032 2714 2882 3072 3246 3526 3291 3071 2877 2706 2501 2238 2358 1719 1709 1837 2035 2089 1689 1888 1531 1633 1618 1526 1256 1363 889 971 698 658 375 293 376 217 241 317 335 524 475 521 611 660 694 935 976 1185 1712
 2130 1419 1424 1221 1025 837 621 415 323 219 0 218 234 412 519 644 729 1261 1471 1557 1520 1323 1416 1626 1811 2228 2115 2343 2448 2179 1633 1510 1916 1761 1681 1668 1562 1741 2018 2129 2026 2251 2429 2662 2843 3144 3233 3412 3521 3825 3976 4008 4392 4548 4441 4415 4665 4798 5171 5411 5302 5215 4918 5330 5101 5087 5080 5058 5110 5025 5029 5029 4740 4333 4218 4525 4620 5009 5019 5015 5024 5031 5051 5150 5093 5089 4837 4648 4402 4227 4019 4023 4097 4362 4722 4794 5163 5190 5205 5229 5271 5297 5338 5384 5410 5207 4854 4007 3788 3617 3458 3298 3152 2805 2967 3152 3321 3597 3330 3112 2922 2754 2553 2357 2527 1893 1851 1951 2157 2189 1779 1940 1566 1666 1614 1522 1220 1282 837 878 632 514 234 207 312 295 374 478 439 660 656 717 807 848 874 1128 1164 1371 1908
 2124 1436 1413 1240 1047 816 656 465 386 304 218 0 318 461 559 614 759 1327 1540 1611 1561 1340 1432 1616 1824 2221 2126 2379 2539 2298 1743 1653 2091 1948 1866 1864 1758 1942 2220 2331 2228 2450 2630 2862 3044 3346 3434 3614 3723 4026 4177 4206 4586 4740 4623 4592 4845 4976 5353 5599 5493 5410 5112 5528 5300 5287 5280 5259 5311 5227 5231 5231 4942 4534 4420 4727 4822 5211 5221 5217 5226 5232 5252 5350 5293 5288 5033 4845 4600 4425 4216 4214 4286 4558 4916 4988 5360 5386 5400 5423 5464 5488 5528 5574 5598 5391 5034 4180 3961 3787 3625 3460 3310 2981 3147 3334 3505 3783 3526 3308 3116 2948 2746 2516 2631 1989 1989 2113 2313 2360 1955 2132 1762 1862 1815 1723 1421 1476 1037 1070 832 686 425 409 514 462 516 598 600 803 747 747 833 920 965 1182 1234 1444 1920
 2348 1638 1641 1440 1244 1051 840 634 542 438 234 318 0 224 331 471 541 1081 1291 1374 1334 1135 1228 1440 1623 2040 1927 2157 2280 2028 1475 1381 1830 1703 1619 1643 1535 1742 2030 2141 2068 2307 2466 2712 2876 3176 3263 3442 3528 3832 3973 3984 4353 4502 4367 4331 4586 4717 5097 5352 5253 5176 4876 5306 5081 5071 5068 5050 5106 5025 5033 5038 4744 4336 4234 4541 4650 5029 5043 5043 5056 5067 5091 5194 5141 5140 4898 4712 4459 4286 4081 4104 4186 4429 4797 4864 5226 5256 5274 5302 5348 5376 5421 5471 5499 5307 4960 4127 3910 3744 3590 3435 3295 2923 3079 3258 3423 3694 3396 3182 2995 2831 2636 2501 2717 2088 2020 2094 2305 2318 1902 2028 1641 1737 1650 1560 1232 1246 849 842 644 438 246 301 384 472 564 675 610 838 860 929 1019 1055 1076 1337 1370 1575 2120
 2525 1816 1818 1618 1422 1226 1018 812 720 616 412 461 224 0 117 292 327 877 1090 1166 1123 921 1014 1228 1409 1828 1713 1945 2089 1857 1299 1242 1736 1640 1553 1617 1508 1739 2036 2146 2103 2353 2492 2750 2897 3195 3280 3457 3519 3823 3954 3945 4297 4438 4276 4227 4488 4617 5003 5273 5185 5120 4817 5264 5043 5037 5038 5024 5084 5008 5019 5027 4730 4322 4235 4540 4661 5031 5049 5053 5070 5085 5113 5219 5169 5173 4941 4757 4499 4329 4125 4167 4258 4478 4854 4916 5269 5303 5325 5355 5405 5437 5484 5537 5569 5387 5046 4229 4013 3851 3703 3554 3420 3025 3175 3348 3507 3774 3447 3237 3054 2895 2705 2629 2883 2260 2169 2222 2437 2432 2012 2108 1712 1803 1685 1598 1250 1216 883 828 692 424 369 452 510 643 740 853 774 1002 1041 1115 1205 1238 1254 1521 1551 1755 2306
 2632 1923 1924 1725 1529 1332 1125 919 827 723 519 559 331 117 0 237 231 788 1001 1074 1028 825 918 1134 1313 1732 1617 1850 2006 1787 1227 1192 1708 1629 1541 1624 1515 1758 2057 2166 2137 2393 2523 2785 2924 3220 3304 3480 3530 3833 3959 3940 4283 4421 4244 4189 4453 4581 4970 5248 5164 5105 4801 5257 5038 5034 5037 5025 5088 5012 5026 5036 4737 4329 4249 4554 4682 5046 5066 5072 5091 5108 5137 5245 5198 5203 4976 4793 4533 4364 4162 4213 4308 4517 4896 4955 5305 5340 5363 5396 5447 5480 5529 5584 5617 5440 5103 4293 4077 3919 3773 3626 3495 3090 3237 3407 3564 3828 3487 3279 3099 2942 2755 2706 2978 2357 2257 2300 2516 2503 2083 2164 1765 1854 1721 1636 1282 1224 927 850 747 463 460 547 597 743 840 954 871 1099 1144 1219 1309 1341 1356 1624 1653 1856 2410
 2718 2025 2007 1829 1634 1410 1234 1031 941 840 644 614 471 292 237 0 250 804 1013 1055 989 749 838 1012 1225 1617 1526 1794 2030 1857 1299 1322 1871 1815 1726 1828 1719 1969 2270 2378 2355 2613 2739 3003 3138 3434 3517 3692 3735 4037 4158 4129 4462 4594 4396 4331 4599 4724 5119 5409 5334 5282 4976 5444 5227 5225 5230 5221 5284 5211 5227 5239 4938 4530 4456 4761 4892 5253 5275 5282 5302 5320 5350 5460 5413 5419 5194 5011 4750 4582 4380 4433 4527 4735 5115 5174 5522 5558 5582 5615 5666 5699 5749 5803 5836 5659 5322 4509 4293 4133 3985 3836 3702 3305 3453 3625 3782 4047 3706 3498 3318 3162 2974 2912 3150 2520 2447 2504 2719 2714 2295 2383 1984 2074 1940 1855 1500 1430 1147 1066 965 682 649 726 791 905 996 1106 1042 1270 1286 1330 1419 1478 1504 1754 1794 2001 2513
 2842 2133 2133 1935 1739 1540 1335 1129 1037 933 729 759 541 327 231 250 0 617 830 891 840 632 725 944 1120 1541 1424 1660 1843 1652 1093 1110 1666 1624 1535 1655 1548 1811 2113 2220 2219 2483 2593 2864 2986 3279 3360 3533 3560 3861 3976 3937 4262 4391 4186 4119 4387 4513 4908 5201 5129 5080 4774 5248 5033 5033 5041 5032 5098 5027 5045 5059 4756 4350 4284 4588 4727 5081 5105 5115 5137 5157 5191 5303 5259 5267 5051 4871 4606 4440 4241 4310 4411 4599 4984 5038 5379 5418 5445 5480 5534 5571 5623 5680 5716 5549 5219 4424 4210 4057 3916 3775 3649 3225 3366 3531 3681 3941 3575 3371 3195 3044 2863 2865 3169 2553 2435 2460 2680 2652 2232 2287 1883 1967 1808 1728 1366 1263 1040 927 881 588 652 744 782 943 1042 1158 1068 1293 1348 1426 1516 1546 1558 1830 1857 2059 2617
 3368 2646 2667 2449 2255 2084 1855 1652 1562 1460 1261 1327 1081 877 788 804 617 0 244 334 329 345 382 660 687 1143 969 1130 1258 1103 565 737 1351 1413 1332 1551 1458 1756 2046 2142 2225 2504 2550 2839 2907 3185 3253 3414 3374 3666 3752 3655 3930 4036 3768 3671 3948 4068 4473 4799 4753 4733 4424 4941 4736 4746 4764 4767 4843 4783 4812 4837 4528 4129 4104 4399 4571 4891 4926 4946 4979 5010 5054 5177 5143 5162 4980 4810 4532 4377 4190 4314 4438 4554 4955 4993 5305 5353 5390 5435 5498 5544 5605 5672 5716 5584 5279 4544 4339 4204 4084 3964 3861 3375 3492 3634 3765 4005 3560 3374 3217 3087 2930 3108 3545 2963 2765 2720 2943 2862 2454 2424 2020 2084 1855 1794 1443 1228 1245 1059 1170 925 1121 1217 1218 1422 1523 1640 1521 1728 1832 1946 2035 2032 2026 2318 2330 2518 3128
 3572 2847 2873 2651 2458 2293 2060 1858 1769 1668 1471 1540 1291 1090 1001 1013 830 244 0 169 230 435 416 646 576 1019 821 929 1032 910 421 694 1294 1404 1329 1581 1496 1799 2077 2167 2279 2560 2582 2874 2920 3190 3251 3407 3340 3625 3700 3578 3829 3926 3629 3517 3798 3915 4324 4664 4630 4623 4314 4848 4648 4662 4684 4692 4773 4717 4750 4779 4469 4075 4067 4357 4542 4847 4886 4911 4948 4983 5031 5158 5129 5151 4983 4818 4536 4386 4205 4348 4480 4569 4974 5006 5305 5357 5398 5446 5513 5563 5627 5697 5745 5626 5331 4620 4419 4292 4179 4067 3972 3467 3575 3709 3831 4064 3592 3413 3265 3145 2997 3234 3709 3140 2920 2854 3077 2978 2579 2523 2123 2180 1931 1879 1542 1298 1391 1194 1339 1114 1326 1421 1415 1625 1725 1842 1717 1920 2033 2154 2243 2233 2222 2517 2525 2711 3332
 3668 2947 2965 2750 2555 2379 2155 1951 1860 1758 1557 1611 1374 1166 1074 1055 891 334 169 0 115 391 340 531 443 887 693 832 1029 972 538 838 1430 1549 1476 1729 1645 1948 2226 2315 2429 2710 2730 3023 3067 3336 3396 3550 3477 3761 3832 3702 3943 4035 3723 3602 3884 3999 4410 4760 4733 4732 4423 4965 4767 4783 4807 4816 4899 4845 4879 4910 4599 4207 4204 4492 4680 4981 5021 5047 5086 5122 5171 5299 5270 5294 5128 4963 4681 4532 4351 4497 4629 4716 5121 5153 5450 5502 5543 5592 5660 5709 5774 5844 5893 5774 5480 4769 4568 4440 4327 4214 4117 3615 3724 3858 3981 4214 3741 3562 3415 3294 3146 3376 3837 3261 3052 2993 3217 3122 2721 2669 2269 2327 2080 2027 1688 1447 1525 1332 1463 1226 1422 1518 1520 1723 1824 1941 1823 2030 2134 2245 2334 2334 2328 2619 2632 2820 3429
 3635 2917 2929 2720 2524 2339 2122 1917 1826 1722 1520 1561 1334 1123 1028 989 840 329 230 115 0 299 233 420 365 819 641 824 1089 1054 623 912 1510 1621 1546 1793 1706 2008 2290 2381 2486 2767 2795 3087 3136 3407 3469 3624 3556 3841 3914 3786 4029 4121 3809 3686 3969 4083 4495 4845 4819 4818 4509 5050 4852 4868 4892 4900 4983 4928 4962 4992 4682 4289 4284 4573 4758 5062 5102 5127 5165 5201 5249 5376 5346 5369 5201 5034 4753 4603 4421 4561 4692 4785 5190 5223 5523 5574 5615 5663 5730 5778 5842 5912 5959 5837 5540 4821 4618 4488 4372 4255 4156 3661 3773 3910 4036 4271 3806 3625 3475 3352 3200 3408 3848 3264 3069 3021 3245 3158 2753 2712 2310 2371 2131 2074 1730 1498 1548 1359 1474 1224 1405 1501 1509 1707 1808 1925 1811 2023 2118 2220 2309 2318 2316 2604 2619 2812 3407
 3434 2727 2725 2529 2333 2130 1929 1723 1631 1527 1323 1340 1135 921 825 749 632 345 435 391 299 0 121 379 516 945 820 1073 1382 1321 832 1048 1662 1728 1646 1859 1764 2059 2353 2450 2522 2800 2856 3143 3217 3497 3566 3728 3689 3981 4066 3963 4230 4332 4045 3935 4215 4332 4741 5079 5041 5028 4720 5244 5041 5053 5072 5076 5154 5095 5125 5150 4841 4442 4419 4714 4886 5206 5241 5261 5295 5326 5369 5492 5458 5476 5292 5121 4844 4687 4499 4616 4737 4863 5262 5302 5617 5664 5700 5744 5807 5851 5912 5977 6020 5883 5573 4824 4616 4476 4350 4224 4113 3644 3768 3916 4052 4296 3864 3674 3515 3381 3218 3347 3727 3124 2967 2951 3174 3111 2697 2692 2286 2356 2142 2075 1718 1523 1478 1309 1370 1096 1232 1327 1351 1531 1631 1747 1647 1868 1939 2022 2112 2138 2146 2423 2447 2646 3213
 3527 2820 2818 2622 2426 2223 2022 1816 1724 1620 1416 1432 1228 1014 918 838 725 382 416 340 233 121 0 296 411 843 715 972 1312 1280 821 1068 1679 1761 1681 1905 1812 2110 2401 2496 2578 2857 2905 3194 3260 3538 3604 3764 3716 4004 4085 3972 4228 4326 4025 3908 4190 4305 4716 5061 5029 5023 4714 5246 5045 5059 5080 5086 5166 5109 5140 5167 4858 4461 4445 4737 4915 5229 5265 5288 5323 5355 5401 5525 5492 5512 5333 5163 4885 4731 4544 4668 4792 4908 5310 5347 5657 5706 5743 5789 5852 5899 5960 6026 6071 5938 5632 4890 4684 4546 4422 4298 4189 3714 3835 3981 4114 4357 3915 3728 3570 3439 3279 3427 3816 3216 3054 3032 3255 3188 2775 2762 2357 2425 2204 2140 1785 1580 1557 1384 1455 1184 1326 1421 1443 1625 1725 1842 1741 1961 2033 2117 2207 2233 2240 2517 2541 2740 3308
 3720 3024 3009 2827 2631 2412 2229 2023 1932 1829 1626 1616 1440 1228 1134 1012 944 660 646 531 420 379 296 0 292 618 552 883 1372 1429 1039 1323 1926 2026 1948 2181 2089 2389 2677 2771 2858 3138 3182 3471 3533 3808 3873 4030 3971 4256 4331 4203 4441 4529 4203 4068 4353 4464 4878 5240 5220 5225 4917 5464 5266 5284 5308 5317 5400 5345 5380 5410 5099 4706 4698 4988 5172 5478 5517 5542 5579 5614 5661 5786 5756 5777 5603 5435 5155 5002 4818 4946 5071 5182 5584 5621 5926 5976 6015 6061 6126 6173 6235 6303 6348 6217 5912 5172 4965 4827 4703 4577 4467 3995 4117 4263 4396 4638 4192 4007 3850 3720 3561 3702 4070 3462 3317 3305 3528 3465 3052 3043 2637 2706 2485 2422 2066 1860 1832 1663 1723 1444 1562 1655 1687 1855 1954 2069 1978 2203 2259 2324 2414 2456 2470 2738 2768 2971 3512
 3922 3215 3212 3017 2821 2616 2417 2211 2119 2015 1811 1824 1623 1409 1313 1225 1120 687 576 443 365 516 411 292 0 463 312 604 1106 1213 912 1241 1815 1953 1883 2142 2058 2361 2637 2725 2842 3123 3142 3434 3473 3740 3797 3948 3861 4140 4202 4050 4263 4341 3991 3842 4129 4236 4653 5026 5018 5035 4727 5291 5098 5120 5148 5161 5249 5199 5238 5272 4961 4574 4584 4868 5064 5354 5398 5427 5468 5507 5559 5689 5662 5688 5529 5366 5083 4936 4757 4908 5041 5121 5528 5558 5849 5904 5946 5996 6065 6116 6182 6253 6302 6186 5893 5181 4979 4850 4735 4619 4519 4024 4135 4271 4394 4627 4152 3974 3827 3707 3559 3769 4195 3602 3422 3382 3605 3521 3115 3076 2673 2734 2491 2436 2093 1858 1906 1721 1823 1563 1719 1815 1833 2019 2120 2237 2133 2351 2429 2514 2604 2628 2634 2913 2936 3133 3705
 4325 3628 3614 3430 3235 3017 2832 2626 2534 2431 2228 2221 2040 1828 1732 1617 1541 1143 1019 887 819 945 843 618 463 0 240 535 1234 1474 1303 1653 2195 2360 2295 2566 2487 2790 3059 3143 3274 3555 3561 3854 3879 4140 4190 4335 4223 4494 4544 4361 4538 4598 4206 4027 4315 4413 4832 5231 5246 5286 4980 5569 5383 5411 5446 5465 5558 5514 5559 5599 5288 4909 4939 5216 5425 5696 5745 5778 5824 5868 5923 6057 6035 6064 5919 5760 5475 5332 5159 5324 5462 5523 5932 5956 6236 6294 6339 6393 6464 6518 6586 6659 6711 6605 6319 5621 5420 5294 5181 5067 4969 4469 4577 4710 4829 5058 4568 4396 4254 4139 3995 4221 4641 4043 3872 3834 4057 3972 3567 3523 3122 3181 2933 2881 2541 2300 2358 2173 2273 2008 2150 2245 2270 2448 2547 2663 2566 2787 2854 2925 3015 3052 3063 3336 3363 3564 4114
 4225 3519 3515 3321 3125 2919 2721 2515 2423 2319 2115 2126 1927 1713 1617 1526 1424 969 821 693 641 820 715 552 312 240 0 384 1036 1252 1084 1438 1971 2141 2077 2353 2277 2579 2844 2927 3064 3345 3345 3638 3659 3918 3967 4111 3998 4268 4318 4137 4319 4382 3998 3826 4114 4214 4633 5026 5036 5071 4765 5350 5162 5190 5224 5243 5335 5291 5335 5374 5063 4684 4713 4990 5199 5471 5519 5553 5599 5642 5698 5832 5810 5839 5695 5537 5252 5110 4937 5106 5246 5301 5710 5734 6012 6070 6116 6170 6242 6296 6365 6439 6491 6388 6105 5414 5215 5092 4982 4872 4778 4270 4375 4504 4620 4847 4350 4180 4041 3928 3788 4038 4486 3898 3708 3655 3879 3784 3384 3328 2929 2985 2731 2681 2348 2098 2185 1993 2112 1857 2020 2116 2133 2321 2422 2538 2433 2650 2731 2817 2907 2930 2935 3216 3238 3434 4008
 4458 3740 3752 3542 3347 3162 2945 2740 2649 2545 2343 2379 2157 1945 1850 1794 1660 1130 929 832 824 1073 972 883 604 535 384 0 745 1051 1056 1419 1874 2082 2032 2327 2263 2559 2802 2875 3046 3322 3291 3584 3577 3823 3861 3995 3849 4107 4144 3933 4082 4132 3721 3532 3820 3916 4335 4741 4765 4814 4511 5113 4931 4963 5002 5026 5124 5085 5134 5179 4870 4501 4551 4819 5041 5292 5345 5384 5435 5483 5544 5683 5666 5700 5576 5425 5137 5003 4839 5033 5184 5200 5613 5628 5888 5950 6000 6059 6135 6193 6266 6345 6401 6317 6050 5399 5207 5095 4997 4900 4819 4287 4377 4493 4597 4812 4282 4124 3998 3900 3774 4105 4617 4052 3821 3737 3958 3839 3453 3364 2974 3019 2746 2708 2398 2126 2293 2091 2250 2022 2219 2315 2318 2520 2621 2738 2621 2827 2931 3037 3127 3131 3126 3417 3430 3618 4224
 4502 3772 3821 3582 3394 3261 3011 2817 2732 2636 2448 2539 2280 2089 2006 2030 1843 1258 1032 1029 1089 1382 1312 1372 1106 1234 1036 745 0 474 856 1135 1382 1641 1618 1927 1889 2159 2352 2408 2628 2889 2810 3095 3047 3273 3293 3412 3228 3471 3495 3258 3387 3432 3020 2836 3124 3222 3641 4041 4063 4113 3810 4418 4237 4272 4315 4342 4443 4407 4460 4509 4201 3841 3912 4170 4404 4634 4691 4734 4790 4843 4909 5053 5041 5080 4978 4837 4547 4425 4272 4500 4663 4628 5041 5045 5282 5350 5405 5468 5550 5613 5691 5775 5836 5777 5535 4946 4767 4674 4598 4523 4466 3900 3965 4057 4140 4335 3763 3624 3519 3445 3345 3810 4437 3931 3624 3478 3691 3529 3181 3035 2672 2696 2398 2383 2136 1840 2151 1945 2172 2017 2269 2358 2331 2553 2649 2762 2622 2796 2947 3095 3180 3139 3111 3416 3408 3573 4239
 4165 3437 3503 3253 3072 2966 2705 2521 2442 2352 2179 2298 2028 1857 1787 1857 1652 1103 910 972 1054 1321 1280 1429 1213 1474 1252 1051 474 0 586 752 924 1185 1166 1475 1441 1706 1894 1950 2171 2431 2353 2639 2597 2828 2855 2980 2817 3072 3108 2906 3083 3151 2794 2655 2940 3051 3465 3831 3822 3843 3536 4114 3926 3953 3988 4007 4102 4059 4106 4149 3838 3466 3516 3783 4007 4257 4310 4348 4399 4448 4510 4650 4634 4670 4555 4409 4119 3992 3835 4052 4213 4193 4606 4615 4863 4928 4980 5041 5121 5182 5258 5339 5399 5333 5084 4488 4309 4216 4141 4067 4012 3444 3507 3599 3682 3878 3312 3170 3062 2986 2887 3368 4022 3537 3208 3045 3255 3085 2746 2589 2234 2253 1952 1942 1716 1418 1777 1576 1826 1714 1983 2066 2024 2249 2339 2447 2299 2455 2624 2790 2870 2809 2771 3077 3060 3212 3897
 3667 2937 2989 2747 2560 2435 2181 1990 1907 1813 1633 1743 1475 1299 1227 1299 1093 565 421 538 623 832 821 1039 912 1303 1084 1056 856 586 0 388 928 1082 1019 1303 1234 1534 1789 1869 2021 2299 2287 2581 2601 2862 2915 3063 2974 3255 3322 3188 3433 3530 3238 3133 3412 3531 3938 4272 4235 4227 3918 4454 4254 4270 4293 4302 4385 4331 4366 4398 4087 3695 3698 3985 4177 4472 4514 4542 4582 4620 4671 4801 4775 4801 4646 4485 4201 4056 3881 4047 4188 4245 4654 4679 4965 5020 5064 5116 5187 5240 5308 5381 5432 5329 5048 4375 4180 4065 3966 3869 3789 3255 3347 3466 3575 3796 3291 3123 2987 2880 2748 3085 3648 3119 2840 2727 2947 2815 2438 2335 1949 1990 1715 1678 1380 1099 1335 1128 1343 1188 1446 1534 1502 1725 1820 1932 1791 1965 2116 2268 2351 2308 2280 2584 2577 2744 3407
 3447 2720 2792 2537 2359 2269 2002 1826 1752 1668 1510 1653 1381 1242 1192 1322 1110 737 694 838 912 1048 1068 1323 1241 1653 1438 1419 1135 752 388 0 644 742 672 946 876 1176 1436 1519 1663 1941 1937 2231 2262 2529 2588 2742 2679 2967 3048 2948 3231 3345 3111 3039 3308 3433 3829 4132 4071 4040 3732 4238 4031 4041 4057 4060 4136 4076 4106 4132 3822 3424 3407 3699 3879 4191 4227 4250 4287 4321 4368 4494 4464 4487 4320 4156 3873 3725 3545 3700 3838 3910 4317 4346 4642 4694 4735 4785 4853 4904 4970 5042 5091 4981 4696 4017 3822 3707 3608 3512 3435 2898 2989 3108 3218 3441 2944 2772 2633 2523 2390 2740 3334 2828 2521 2390 2607 2467 2097 1982 1601 1638 1358 1325 1041 752 1056 854 1107 1020 1297 1373 1321 1545 1632 1737 1586 1734 1908 2082 2160 2091 2050 2356 2338 2490 3176
 3620 2918 3025 2756 2601 2573 2298 2156 2099 2034 1916 2091 1830 1736 1708 1871 1666 1351 1294 1430 1510 1662 1679 1926 1815 2195 1971 1874 1382 924 928 644 0 325 352 629 628 846 1010 1066 1291 1548 1473 1762 1743 1991 2037 2180 2087 2370 2446 2345 2641 2765 2579 2540 2796 2926 3308 3580 3502 3456 3149 3641 3432 3439 3455 3456 3532 3472 3502 3528 3219 2822 2813 3102 3290 3592 3631 3657 3695 3733 3783 3913 3887 3913 3764 3606 3320 3180 3010 3199 3352 3373 3784 3804 4081 4138 4184 4239 4312 4367 4438 4514 4569 4483 4220 3605 3425 3332 3259 3190 3142 2566 2625 2715 2799 2999 2450 2298 2183 2103 2003 2531 3256 2841 2451 2243 2441 2245 1942 1751 1427 1427 1121 1133 1010 749 1245 1097 1379 1413 1685 1737 1662 1866 1934 2020 1863 1950 2160 2361 2425 2314 2250 2543 2503 2615 3330
 3349 2659 2775 2504 2359 2356 2082 1956 1909 1854 1761 1948 1703 1640 1629 1815 1624 1413 1404 1549 1621 1728 1761 2026 1953 2360 2141 2082 1641 1185 1082 742 325 0 126 319 326 539 737 808 1001 1267 1225 1518 1536 1802 1862 2019 1980 2276 2376 2329 2671 2815 2698 2687 2928 3062 3429 3666 3565 3494 3192 3644 3426 3425 3432 3424 3491 3423 3444 3462 3156 2752 2710 3008 3173 3501 3533 3551 3582 3612 3656 3778 3746 3766 3594 3429 3147 2998 2818 2980 3123 3183 3590 3619 3916 3968 4009 4058 4126 4177 4244 4316 4366 4262 3986 3339 3153 3053 2972 2897 2844 2274 2340 2440 2534 2745 2225 2059 1930 1836 1724 2223 2949 2544 2145 1933 2131 1936 1633 1441 1118 1117 811 825 737 518 1031 918 1190 1278 1534 1572 1488 1677 1734 1811 1655 1717 1934 2143 2200 2075 2004 2290 2244 2343 3060
 3307 2610 2722 2452 2303 2291 2016 1886 1836 1779 1681 1866 1619 1553 1541 1726 1535 1332 1329 1476 1546 1646 1681 1948 1883 2295 2077 2032 1618 1166 1019 672 352 126 0 342 317 575 804 882 1053 1325 1300 1594 1624 1894 1957 2116 2084 2380 2482 2436 2776 2919 2794 2777 3021 3155 3524 3766 3668 3599 3296 3750 3533 3532 3539 3531 3598 3529 3550 3568 3262 2858 2814 3112 3275 3606 3636 3654 3684 3714 3756 3878 3844 3864 3688 3521 3240 3089 2908 3061 3201 3272 3678 3710 4011 4062 4101 4150 4217 4266 4332 4403 4452 4343 4062 3401 3212 3107 3021 2940 2881 2318 2392 2498 2598 2813 2306 2136 2001 1901 1780 2241 2944 2522 2136 1938 2140 1956 1637 1460 1121 1128 824 826 693 449 959 837 1112 1191 1449 1490 1408 1601 1661 1740 1584 1654 1869 2075 2135 2015 1947 2237 2194 2300 3016
 3105 2431 2559 2287 2155 2180 1911 1807 1773 1731 1668 1864 1643 1617 1624 1828 1655 1551 1581 1729 1793 1859 1905 2181 2142 2566 2353 2327 1927 1475 1303 946 629 319 342 0 112 255 518 612 740 1017 1023 1314 1379 1663 1737 1906 1928 2231 2358 2363 2746 2907 2857 2869 3095 3232 3582 3785 3663 3569 3273 3685 3459 3449 3447 3430 3489 3412 3424 3433 3134 2726 2650 2954 3093 3447 3470 3480 3503 3526 3562 3677 3637 3651 3455 3282 3007 2849 2660 2789 2920 3024 3425 3464 3781 3827 3862 3905 3968 4014 4075 4142 4188 4065 3774 3093 2901 2792 2703 2620 2559 1998 2076 2187 2293 2515 2034 1853 1709 1598 1468 1926 2654 2264 1853 1636 1833 1640 1335 1144 822 819 513 530 518 420 887 832 1070 1220 1444 1465 1374 1538 1581 1645 1493 1522 1746 1960 2009 1869 1791 2063 2010 2093 2811
 3039 2357 2480 2209 2071 2088 1818 1710 1673 1629 1562 1758 1535 1508 1515 1719 1548 1458 1496 1645 1706 1764 1812 2089 2058 2487 2277 2263 1889 1441 1234 876 628 326 317 112 0 308 595 693 794 1074 1098 1388 1463 1749 1825 1995 2021 2324 2452 2456 2836 2995 2934 2941 3171 3307 3660 3870 3750 3659 3362 3778 3552 3542 3540 3524 3583 3506 3518 3527 3228 2820 2743 3047 3185 3540 3563 3572 3595 3616 3652 3766 3726 3738 3540 3366 3092 2932 2742 2863 2991 3105 3504 3545 3866 3911 3944 3987 4049 4093 4154 4220 4264 4137 3840 3147 2952 2838 2743 2654 2587 2035 2120 2238 2350 2576 2108 1924 1775 1657 1520 1933 2635 2224 1828 1627 1829 1649 1326 1153 810 819 516 515 436 314 788 727 968 1114 1341 1363 1272 1440 1486 1553 1400 1437 1660 1873 1923 1789 1713 1990 1940 2031 2749
 3019 2368 2508 2238 2120 2175 1914 1832 1810 1780 1741 1942 1742 1739 1758 1969 1811 1756 1799 1948 2008 2059 2110 2389 2361 2790 2579 2559 2159 1706 1534 1176 846 539 575 255 308 0 342 449 527 806 837 1123 1216 1508 1589 1763 1826 2130 2275 2317 2726 2899 2904 2935 3147 3284 3619 3794 3655 3544 3255 3636 3404 3388 3379 3357 3409 3326 3332 3336 3042 2634 2535 2842 2963 3332 3350 3354 3373 3390 3421 3532 3488 3497 3289 3113 2842 2680 2486 2597 2723 2848 3244 3288 3616 3658 3690 3731 3790 3833 3892 3957 4001 3869 3572 2881 2687 2577 2487 2404 2346 1783 1860 1973 2082 2308 1844 1658 1506 1389 1254 1726 2483 2127 1694 1455 1644 1439 1158 948 656 635 337 389 535 566 946 939 1138 1327 1524 1530 1436 1575 1605 1656 1511 1506 1734 1950 1989 1836 1750 2004 1944 2005 2719
 3133 2520 2673 2407 2308 2390 2140 2077 2063 2042 2018 2220 2030 2036 2057 2270 2113 2046 2077 2226 2290 2353 2401 2677 2637 3059 2844 2802 2352 1894 1789 1436 1010 737 804 518 595 342 0 127 317 553 521 813 890 1182 1263 1438 1519 1822 1980 2051 2483 2667 2738 2790 2982 3121 3434 3577 3421 3292 3010 3363 3125 3104 3091 3064 3112 3024 3027 3027 2738 2331 2220 2526 2641 3015 3030 3033 3050 3066 3096 3206 3162 3171 2964 2789 2516 2355 2164 2287 2420 2526 2925 2966 3291 3334 3367 3409 3470 3514 3575 3641 3686 3564 3276 2618 2433 2337 2265 2202 2165 1579 1630 1722 1813 2025 1532 1353 1214 1115 1008 1626 2457 2178 1708 1423 1583 1341 1148 899 721 657 458 557 816 872 1231 1240 1424 1626 1811 1809 1714 1837 1857 1899 1761 1728 1955 2171 2200 2036 1943 2173 2104 2137 2836
 3215 2611 2767 2502 2407 2494 2246 2185 2172 2152 2129 2331 2141 2146 2166 2378 2220 2142 2167 2315 2381 2450 2496 2771 2725 3143 2927 2875 2408 1950 1869 1519 1066 808 882 612 693 449 127 0 341 532 453 747 805 1094 1175 1349 1427 1730 1890 1966 2402 2589 2676 2734 2921 3059 3367 3500 3341 3209 2928 3275 3037 3015 3001 2973 3021 2933 2935 2935 2646 2240 2128 2435 2550 2923 2939 2942 2959 2976 3007 3118 3074 3084 2881 2707 2433 2274 2084 2217 2354 2447 2848 2887 3208 3252 3285 3329 3391 3437 3498 3566 3613 3497 3214 2574 2393 2304 2239 2184 2157 1564 1604 1685 1768 1973 1461 1288 1158 1071 980 1649 2499 2243 1765 1470 1620 1368 1204 952 803 732 557 659 924 974 1339 1347 1532 1733 1919 1917 1822 1944 1963 2003 1866 1830 2056 2272 2299 2134 2040 2265 2195 2221 2916
 2929 2353 2517 2259 2181 2295 2062 2026 2027 2021 2026 2228 2068 2103 2137 2355 2219 2225 2279 2429 2486 2522 2578 2858 2842 3274 3064 3046 2628 2171 2021 1663 1291 1001 1053 740 794 527 317 341 0 298 422 665 837 1139 1228 1408 1569 1864 2054 2175 2632 2828 2959 3026 3203 3341 3636 3747 3573 3424 3153 3463 3217 3187 3165 3128 3167 3070 3063 3053 2777 2377 2228 2533 2613 3011 3017 3009 3016 3022 3043 3144 3090 3090 2857 2674 2414 2244 2042 2117 2233 2398 2784 2838 3185 3220 3245 3279 3333 3371 3425 3485 3524 3379 3072 2372 2179 2072 1988 1916 1872 1292 1357 1465 1574 1803 1374 1175 1011 883 746 1330 2177 1936 1451 1150 1296 1046 891 639 553 465 424 529 871 1019 1268 1325 1456 1691 1836 1819 1724 1814 1817 1843 1718 1648 1868 2079 2096 1922 1823 2023 1948 1953 2633
 2962 2435 2610 2361 2305 2446 2230 2215 2225 2228 2251 2450 2307 2353 2393 2613 2483 2504 2560 2710 2767 2800 2857 3138 3123 3555 3345 3322 2889 2431 2299 1941 1548 1267 1325 1017 1074 806 553 532 298 0 303 432 668 962 1046 1223 1447 1728 1944 2107 2585 2791 2994 3077 3233 3370 3641 3713 3521 3351 3094 3361 3108 3070 3040 2996 3027 2922 2907 2889 2627 2236 2057 2359 2413 2825 2823 2808 2809 2808 2823 2918 2858 2853 2606 2420 2167 1994 1789 1842 1953 2139 2517 2577 2934 2965 2986 3017 3068 3103 3154 3212 3249 3098 2789 2091 1901 1800 1726 1667 1640 1046 1092 1188 1291 1519 1109 902 731 599 471 1184 2081 1925 1422 1094 1197 920 890 676 714 617 681 780 1134 1298 1517 1589 1700 1945 2072 2046 1953 2022 2016 2031 1917 1822 2033 2237 2243 2063 1961 2128 2048 2023 2670
 3247 2708 2879 2627 2560 2687 2460 2429 2431 2425 2429 2630 2466 2492 2523 2739 2593 2550 2582 2730 2795 2856 2905 3182 3142 3561 3345 3291 2810 2353 2287 1937 1473 1225 1300 1023 1098 837 521 453 422 303 0 318 440 742 831 1011 1190 1480 1683 1833 2308 2513 2720 2807 2958 3094 3363 3435 3245 3079 2819 3098 2848 2813 2787 2747 2782 2682 2672 2660 2388 1991 1833 2138 2217 2614 2620 2612 2620 2628 2650 2753 2702 2705 2483 2304 2037 1872 1676 1791 1926 2037 2432 2477 2811 2851 2880 2919 2978 3021 3080 3146 3191 3069 2786 2162 1988 1913 1865 1833 1832 1231 1235 1290 1356 1551 1036 860 735 670 628 1449 2358 2212 1709 1380 1477 1196 1174 948 939 845 821 928 1256 1363 1662 1704 1852 2079 2235 2220 2125 2217 2220 2244 2121 2046 2264 2472 2484 2308 2208 2390 2312 2297 2953
 3313 2821 3000 2758 2710 2858 2645 2632 2641 2643 2662 2862 2712 2750 2785 3003 2864 2839 2874 3023 3087 3143 3194 3471 3434 3854 3638 3584 3095 2639 2581 2231 1762 1518 1594 1314 1388 1123 813 747 665 432 318 0 329 596 670 842 1108 1372 1609 1807 2297 2512 2798 2899 3025 3159 3400 3431 3221 3034 2790 3020 2761 2718 2683 2634 2660 2550 2532 2510 2255 1872 1678 1977 2024 2438 2435 2420 2420 2420 2435 2531 2474 2471 2234 2051 1792 1622 1420 1518 1650 1778 2168 2218 2562 2598 2624 2660 2716 2756 2813 2877 2920 2794 2510 1900 1734 1672 1641 1629 1651 1057 1026 1052 1099 1282 764 584 468 445 482 1385 2313 2246 1739 1402 1456 1168 1249 1070 1125 1028 1066 1170 1513 1641 1910 1966 2096 2333 2473 2451 2357 2432 2427 2442 2328 2233 2443 2645 2648 2468 2365 2521 2439 2398 3020
 3593 3086 3262 3015 2958 3093 2870 2843 2845 2840 2843 3044 2876 2897 2924 3138 2986 2907 2920 3067 3136 3217 3260 3533 3473 3879 3659 3577 3047 2597 2601 2262 1743 1536 1624 1379 1463 1216 890 805 837 668 440 329 0 352 441 621 836 1111 1336 1527 2017 2233 2532 2639 2756 2889 3123 3151 2941 2757 2511 2750 2494 2454 2422 2377 2408 2304 2291 2276 2009 1618 1446 1750 1827 2225 2230 2223 2232 2241 2266 2372 2324 2331 2126 1953 1678 1520 1334 1507 1666 1699 2104 2137 2452 2497 2532 2578 2643 2692 2758 2830 2881 2790 2538 2017 1872 1837 1832 1843 1885 1305 1245 1236 1241 1383 767 654 624 680 759 1668 2597 2529 2022 1685 1742 1454 1520 1322 1343 1247 1229 1336 1657 1740 2067 2099 2258 2479 2642 2628 2533 2627 2629 2652 2530 2452 2668 2875 2884 2706 2604 2775 2695 2665 3297
 3865 3373 3550 3306 3252 3391 3170 3144 3147 3142 3144 3346 3176 3195 3220 3434 3279 3185 3190 3336 3407 3497 3538 3808 3740 4140 3918 3823 3273 2828 2862 2529 1991 1802 1894 1663 1749 1508 1182 1094 1139 962 742 596 352 0 309 489 738 996 1238 1454 1949 2169 2522 2636 2735 2865 3079 3081 2861 2666 2430 2645 2385 2342 2307 2259 2286 2180 2164 2147 1885 1497 1316 1620 1696 2093 2098 2091 2100 2111 2137 2245 2200 2209 2015 1847 1567 1415 1239 1449 1620 1603 2012 2037 2340 2388 2427 2476 2545 2598 2667 2742 2797 2724 2491 2034 1908 1894 1911 1943 2007 1450 1361 1320 1293 1403 746 690 724 837 954 1865 2794 2759 2253 1915 1956 1670 1767 1580 1609 1513 1496 1604 1922 1997 2333 2362 2524 2743 2909 2896 2801 2895 2897 2920 2798 2719 2934 3140 3148 2969 2867 3033 2952 2916 3538
 3927 3448 3627 3385 3335 3477 3257 3233 3236 3231 3233 3434 3263 3280 3304 3517 3360 3253 3251 3396 3469 3566 3604 3873 3797 4190 3967 3861 3293 2855 2915 2588 2037 1862 1957 1737 1825 1589 1263 1175 1228 1046 831 670 441 309 0 215 524 749 1012 1255 1752 1975 2385 2506 2584 2710 2902 2876 2646 2439 2215 2402 2138 2091 2052 2000 2025 1915 1897 1877 1620 1239 1045 1348 1422 1819 1824 1817 1828 1839 1867 1978 1935 1948 1767 1605 1320 1178 1014 1267 1451 1374 1787 1802 2089 2141 2184 2237 2310 2367 2440 2519 2578 2526 2314 1929 1823 1831 1869 1923 2005 1477 1364 1294 1235 1313 640 648 739 890 1032 1932 2858 2853 2348 2011 2039 1754 1876 1698 1733 1637 1622 1729 2046 2114 2457 2483 2649 2866 3033 3021 2926 3021 3023 3045 2924 2844 3058 3263 3270 3091 2989 3150 3068 3027 3639
 4083 3616 3796 3557 3509 3654 3436 3412 3416 3411 3412 3614 3442 3457 3480 3692 3533 3414 3407 3550 3624 3728 3764 4030 3948 4335 4111 3995 3412 2980 3063 2742 2180 2019 2116 1906 1995 1763 1438 1349 1408 1223 1011 842 621 489 215 0 422 579 871 1139 1630 1855 2324 2452 2507 2628 2796 2740 2498 2279 2069 2225 1956 1904 1861 1805 1826 1712 1691 1669 1417 1046 836 1137 1209 1606 1610 1604 1615 1628 1659 1772 1732 1749 1585 1431 1143 1013 871 1171 1366 1219 1631 1635 1902 1959 2007 2064 2142 2203 2280 2364 2427 2397 2211 1905 1820 1849 1909 1981 2081 1583 1451 1357 1269 1315 658 723 852 1028 1184 2069 2989 3010 2507 2172 2188 1906 2048 1878 1918 1822 1807 1915 2230 2292 2642 2665 2834 3049 3219 3207 3112 3207 3209 3231 3110 3028 3242 3447 3453 3273 3171 3328 3246 3200 3803
 4378 3868 4042 3791 3726 3846 3612 3567 3559 3542 3521 3723 3528 3519 3530 3735 3560 3374 3340 3477 3556 3689 3716 3971 3861 4223 3998 3849 3228 2817 2974 2679 2087 1980 2084 1928 2021 1826 1519 1427 1569 1447 1190 1108 836 738 524 422 0 320 516 748 1244 1468 1919 2047 2101 2223 2399 2369 2142 1943 1711 1931 1676 1639 1613 1575 1615 1523 1524 1526 1235 829 746 1044 1219 1538 1568 1588 1624 1662 1716 1851 1832 1869 1779 1656 1369 1282 1187 1536 1738 1497 1896 1874 2073 2145 2206 2276 2365 2436 2524 2616 2687 2701 2553 2313 2235 2268 2326 2394 2487 1968 1850 1768 1687 1732 1076 1126 1230 1379 1510 2418 3346 3316 2809 2472 2514 2228 2312 2107 2102 2009 1934 2041 2318 2326 2732 2725 2925 3115 3312 3313 3218 3337 3351 3385 3253 3198 3419 3630 3647 3472 3372 3556 3477 3454 4089
 4640 4147 4323 4075 4014 4141 3909 3867 3860 3844 3825 4026 3832 3823 3833 4037 3861 3666 3625 3761 3841 3981 4004 4256 4140 4494 4268 4107 3471 3072 3255 2967 2370 2276 2380 2231 2324 2130 1822 1730 1864 1728 1480 1372 1111 996 749 579 320 0 359 638 1104 1329 1896 2028 2038 2150 2279 2192 1944 1723 1517 1676 1413 1368 1335 1290 1325 1229 1228 1229 939 535 468 756 957 1248 1283 1310 1353 1399 1461 1605 1595 1639 1594 1495 1220 1173 1124 1510 1715 1384 1759 1717 1868 1947 2016 2092 2188 2266 2359 2457 2533 2584 2478 2348 2298 2355 2437 2526 2638 2156 2018 1911 1802 1816 1201 1291 1427 1599 1747 2641 3563 3569 3063 2726 2754 2470 2582 2388 2393 2300 2234 2341 2620 2628 3035 3028 3228 3418 3615 3615 3520 3638 3651 3683 3553 3494 3714 3925 3939 3763 3663 3840 3760 3730 4352
 4878 4364 4537 4285 4215 4330 4091 4039 4027 4007 3976 4177 3973 3954 3959 4158 3976 3752 3700 3832 3914 4066 4085 4331 4202 4544 4318 4144 3495 3108 3322 3048 2446 2376 2482 2358 2452 2275 1980 1890 2054 1944 1683 1609 1336 1238 1012 871 516 359 0 533 1012 1238 1787 1919 1931 2045 2184 2120 1884 1679 1453 1666 1415 1382 1362 1333 1384 1304 1319 1336 1030 626 677 925 1168 1403 1451 1490 1545 1601 1672 1823 1821 1872 1853 1765 1495 1458 1414 1801 2006 1667 2035 1986 2116 2198 2270 2350 2448 2528 2623 2724 2802 2863 2765 2636 2582 2635 2712 2795 2900 2401 2272 2175 2074 2096 1467 1544 1666 1825 1961 2866 3792 3770 3264 2926 2967 2681 2765 2557 2543 2451 2361 2466 2727 2712 3139 3119 3332 3509 3717 3723 3628 3756 3775 3812 3678 3631 3854 4067 4085 3912 3814 4004 3925 3906 4543
