52 3

 0 14 17 457 49 55 23 41 17 61 51 44 54 56 51 29 22 28 16 399 414 27 45 58 28 5 21 63 27 30 25 26 37 30 63 65 24 570 87 21 51 62 58 12 16 515 27 42 26 5 54 6321
 14 0 17 459 48 55 23 41 18 62 52 44 55 57 51 29 23 30 16 400 415 28 45 57 29 5 22 63 27 30 26 27 38 31 63 65 24 571 87 21 51 63 59 12 16 516 28 43 26 5 54 6321
 17 17 0 459 51 56 25 43 18 63 52 46 57 58 53 30 25 30 16 402 417 30 46 59 31 6 22 65 28 32 28 27 39 32 65 66 25 572 88 22 52 63 61 13 16 516 30 43 27 7 56 6323
 457 459 459 0 196 247 231 219 225 240 244 222 247 234 214 207 201 237 208 547 562 190 223 220 192 168 169 272 175 223 219 219 201 193 272 258 172 779 250 199 229 240 252 221 208 723 220 220 204 213 202 6499
 49 48 51 196 0 66 36 54 34 79 66 61 66 71 67 44 37 40 28 414 427 42 57 74 40 18 38 78 43 42 40 40 49 42 80 79 39 587 99 36 68 79 76 29 32 532 44 58 43 20 66 6334
 55 55 56 247 66 0 38 54 32 78 65 57 69 72 68 49 43 42 34 419 431 41 64 76 44 25 35 78 44 47 46 39 51 50 77 85 39 587 106 35 71 77 74 32 30 530 42 61 41 20 68 6335
 23 23 25 231 36 38 0 44 22 66 55 48 60 60 57 33 26 33 18 404 417 32 50 61 34 9 25 67 32 34 29 31 41 34 68 69 28 574 92 25 55 65 62 18 21 519 30 46 30 9 57 6327
 41 41 43 219 54 54 44 0 30 71 65 55 66 67 63 41 36 39 28 409 426 40 58 66 39 15 31 75 37 40 37 36 50 44 77 76 34 582 96 33 63 72 70 26 27 528 39 54 39 16 63 6334
 17 18 18 225 34 32 22 30 0 64 53 45 55 57 52 30 25 30 16 401 415 28 46 58 30 6 23 65 28 32 27 27 40 32 66 67 27 571 89 22 52 63 61 13 16 516 30 45 27 7 57 6323
 61 62 63 240 79 78 66 71 64 0 73 67 74 77 71 50 40 48 33 419 434 49 61 79 45 28 45 81 51 52 42 45 61 50 85 86 48 586 105 37 69 78 76 32 39 531 49 66 49 28 72 6343
 51 52 52 244 66 65 55 65 53 73 0 62 73 70 68 46 38 46 29 415 431 41 58 71 46 23 35 80 40 49 43 41 55 49 77 83 37 589 103 38 68 79 74 26 32 527 40 56 43 17 71 6340
 44 44 46 222 61 57 48 55 45 67 62 0 65 71 62 40 33 40 28 409 427 38 55 67 41 17 34 74 37 44 40 38 52 40 73 80 34 584 98 36 66 73 71 27 25 526 42 56 40 17 67 6336
 54 55 57 247 66 69 60 66 55 74 73 65 0 71 70 42 41 49 29 418 434 46 64 74 49 23 36 77 42 49 39 41 53 47 82 85 44 589 107 36 71 80 72 26 30 535 46 57 41 20 74 6340
 56 57 58 234 71 72 60 67 57 77 70 71 71 0 67 48 43 48 29 413 435 46 61 76 46 24 42 79 43 44 43 41 57 49 79 82 42 586 105 42 67 82 74 31 33 535 45 63 40 22 72 6335
 51 51 53 214 67 68 57 63 52 71 68 62 70 67 0 41 40 46 29 415 431 44 62 74 46 17 40 77 44 43 38 38 56 43 77 80 38 586 104 40 68 76 74 25 32 529 40 59 41 17 70 6334
 29 29 30 207 44 49 33 41 30 50 46 40 42 48 41 0 30 34 23 406 420 32 52 64 35 13 27 69 35 38 31 33 44 37 68 70 29 575 95 29 58 70 65 19 20 520 33 50 31 13 62 6326
 22 23 25 201 37 43 26 36 25 40 38 33 41 43 40 30 0 32 19 404 419 33 51 61 34 9 25 67 31 36 31 30 43 34 69 69 29 573 90 24 54 65 63 16 19 518 30 47 30 10 58 6326
 28 30 30 237 40 42 33 39 30 48 46 40 49 48 46 34 32 0 20 406 421 32 52 65 34 13 27 68 35 36 33 33 43 35 69 71 30 576 94 26 56 67 64 19 20 520 33 50 33 10 60 6328
 16 16 16 208 28 34 18 28 16 33 29 28 29 29 29 23 19 20 0 401 415 29 46 58 29 5 22 64 29 31 28 26 39 31 64 65 26 572 89 23 52 62 61 13 17 515 28 43 26 7 55 6323
 399 400 402 547 414 419 404 409 401 419 415 409 418 413 415 406 404 406 401 0 582 169 200 186 210 186 189 231 169 172 207 194 219 198 244 193 166 699 242 176 232 190 240 167 144 643 156 210 167 186 235 6463
 414 415 417 562 427 431 417 426 415 434 431 427 434 435 431 420 419 421 415 582 0 174 233 204 176 193 168 238 215 205 173 186 185 177 197 212 212 731 248 155 198 236 233 159 190 675 188 189 173 193 215 6468
 27 28 30 190 42 41 32 40 28 49 41 38 46 46 44 32 33 32 29 169 174 0 53 62 36 12 26 69 32 35 33 32 44 37 70 71 29 575 93 28 57 66 64 20 20 521 35 47 32 11 61 6328
 45 45 46 223 57 64 50 58 46 61 58 55 64 61 62 52 51 52 46 200 233 53 0 70 40 15 37 78 42 42 36 37 52 43 76 79 36 583 102 37 67 73 75 25 27 531 42 55 40 18 66 6336
 58 57 59 220 74 76 61 66 58 79 71 67 74 76 74 64 61 65 58 186 204 62 70 0 48 19 43 81 45 48 40 45 52 52 78 81 40 586 107 43 67 80 78 32 37 533 49 62 40 26 76 6337
 28 29 31 192 40 44 34 39 30 45 46 41 49 46 46 35 34 34 29 210 176 36 40 48 0 13 28 71 34 37 34 33 45 35 71 71 29 578 95 29 56 69 64 20 23 521 35 50 31 10 62 6326
 5 5 6 168 18 25 9 15 6 28 23 17 23 24 17 13 9 13 5 186 193 12 15 19 13 0 18 60 24 27 23 23 35 27 60 62 21 567 84 18 48 59 56 9 12 512 24 39 23 2 51 6318
 21 22 22 169 38 35 25 31 23 45 35 34 36 42 40 27 25 27 22 189 168 26 37 43 28 18 0 68 30 34 30 29 41 33 67 69 28 574 91 25 54 64 62 17 20 517 31 45 29 9 59 6324
 63 63 65 272 78 78 67 75 65 81 80 74 77 79 77 69 67 68 64 231 238 69 78 81 71 60 68 0 51 49 48 42 58 52 85 85 45 594 109 42 73 84 83 33 32 539 51 59 48 21 71 6343
 27 27 28 175 43 44 32 37 28 51 40 37 42 43 44 35 31 35 29 169 215 32 42 45 34 24 30 51 0 35 32 32 43 35 68 71 29 576 92 26 57 68 66 17 20 519 32 50 30 11 59 6328
 30 30 32 223 42 47 34 40 32 52 49 44 49 44 43 38 36 36 31 172 205 35 42 48 37 27 34 49 35 0 32 35 45 38 72 72 33 578 93 29 60 67 68 21 21 523 34 49 34 13 60 6327
 25 26 28 219 40 46 29 37 27 42 43 40 39 43 38 31 31 33 28 207 173 33 36 40 34 23 30 48 32 32 0 30 44 35 70 69 31 576 93 27 58 68 65 17 21 521 34 48 31 11 60 6328
 26 27 27 219 40 39 31 36 27 45 41 38 41 41 38 33 30 33 26 194 186 32 37 45 33 23 29 42 32 35 30 0 44 36 70 71 29 577 93 27 56 68 63 18 20 520 33 49 31 11 59 6327
 37 38 39 201 49 51 41 50 40 61 55 52 53 57 56 44 43 43 39 219 185 44 52 52 45 35 41 58 43 45 44 44 0 43 73 76 37 581 97 31 60 70 67 21 24 525 37 52 38 13 67 6332
 30 31 32 193 42 50 34 44 32 50 49 40 47 49 43 37 34 35 31 198 177 37 43 52 35 27 33 52 35 38 35 36 43 0 72 74 31 577 93 27 57 67 67 21 24 521 35 48 35 13 60 6329
 63 63 65 272 80 77 68 77 66 85 77 73 82 79 77 68 69 69 64 244 197 70 76 78 71 60 67 85 68 72 70 70 73 72 0 85 41 589 111 45 75 80 75 31 36 531 49 64 50 27 73 6340
 65 65 66 258 79 85 69 76 67 86 83 80 85 82 80 70 69 71 65 193 212 71 79 81 71 62 69 85 71 72 69 71 76 74 85 0 43 593 108 42 70 81 82 37 40 536 46 67 45 30 71 6346
 24 24 25 172 39 39 28 34 27 48 37 34 44 42 38 29 29 30 26 166 212 29 36 40 29 21 28 45 29 33 31 29 37 31 41 43 0 575 91 25 55 67 63 16 20 519 31 48 30 9 58 6327
 570 571 572 779 587 587 574 582 571 586 589 584 589 586 586 575 573 576 572 699 731 575 583 586 578 567 574 594 576 578 576 577 581 577 589 593 575 0 348 225 293 266 320 198 276 738 231 228 230 247 258 6544
 87 87 88 250 99 106 92 96 89 105 103 98 107 105 104 95 90 94 89 242 248 93 102 107 95 84 91 109 92 93 93 93 97 93 111 108 91 348 0 54 87 86 91 45 45 547 60 75 50 40 79 6346
 21 21 22 199 36 35 25 33 22 37 38 36 36 42 40 29 24 26 23 176 155 28 37 43 29 18 25 42 26 29 27 27 31 27 45 42 25 225 54 0 56 65 61 17 20 519 31 46 28 9 58 6325
 51 51 52 229 68 71 55 63 52 69 68 66 71 67 68 58 54 56 52 232 198 57 67 67 56 48 54 73 57 60 58 56 60 57 75 70 55 293 87 56 0 79 76 26 29 527 46 59 41 17 67 6340
 62 63 63 240 79 77 65 72 63 78 79 73 80 82 76 70 65 67 62 190 236 66 73 80 69 59 64 84 68 67 68 68 70 67 80 81 67 266 86 65 79 0 78 36 31 536 49 58 42 22 76 6339
 58 59 61 252 76 74 62 70 61 76 74 71 72 74 74 65 63 64 61 240 233 64 75 78 64 56 62 83 66 68 65 63 67 67 75 82 63 320 91 61 76 78 0 27 36 533 42 57 48 25 73 6338
 12 12 13 221 29 32 18 26 13 32 26 27 26 31 25 19 16 19 13 167 159 20 25 32 20 9 17 33 17 21 17 18 21 21 31 37 16 198 45 17 26 36 27 0 15 514 27 42 26 5 54 6321
 16 16 16 208 32 30 21 27 16 39 32 25 30 33 32 20 19 20 17 144 190 20 27 37 23 12 20 32 20 21 21 20 24 24 36 40 20 276 45 20 29 31 36 15 0 516 28 43 26 7 56 6323
 515 516 516 723 532 530 519 528 516 531 527 526 535 535 529 520 518 520 515 643 675 521 531 533 521 512 517 539 519 523 521 520 525 521 531 536 519 738 547 519 527 536 533 514 516 0 245 277 261 189 272 6505
 27 28 30 220 44 42 30 39 30 49 40 42 46 45 40 33 30 33 28 156 188 35 42 49 35 24 31 51 32 34 34 33 37 35 49 46 31 231 60 31 46 49 42 27 28 245 0 48 31 11 61 6328
 42 43 43 220 58 61 46 54 45 66 56 56 57 63 59 50 47 50 43 210 189 47 55 62 50 39 45 59 50 49 48 49 52 48 64 67 48 228 75 46 59 58 57 42 43 277 48 0 36 15 65 6334
 26 26 27 204 43 41 30 39 27 49 43 40 41 40 41 31 30 33 26 167 173 32 40 40 31 23 29 48 30 34 31 31 38 35 50 45 30 230 50 28 41 42 48 26 26 261 31 36 0 11 60 6325
 5 5 7 213 20 20 9 16 7 28 17 17 20 22 17 13 10 10 7 186 193 11 18 26 10 2 9 21 11 13 11 11 13 13 27 30 9 247 40 9 17 22 25 5 7 189 11 15 11 0 51 6318
 54 54 56 202 66 68 57 63 57 72 71 67 74 72 70 62 58 60 55 235 215 61 66 76 62 51 59 71 59 60 60 59 67 60 73 71 58 258 79 58 67 76 73 54 56 272 61 65 60 51 0 6338
 6321 6321 6323 6499 6334 6335 6327 6334 6323 6343 6340 6336 6340 6335 6334 6326 6326 6328 6323 6463 6468 6328 6336 6337 6326 6318 6324 6343 6328 6327 6328 6327 6332 6329 6340 6346 6327 6544 6346 6325 6340 6339 6338 6321 6323 6505 6328 6334 6325 6318 6338 0

 0 64 61 66 54 62 49 40 33 71 91 73 45 192 53 75 60 103 32 61 37 32 74 66 31 31 134 116 83 73 72 93 78 37 462 34 36 42 66 77 30 72 66 393 90 25 56 77 279 538 71 134
 64 0 48 50 45 53 39 25 19 61 75 59 36 179 41 64 46 88 21 55 24 23 60 58 23 20 122 103 70 65 64 77 66 21 444 21 23 32 51 64 17 63 50 382 74 18 46 63 268 523 56 120
 61 48 0 51 40 55 39 25 18 56 77 58 31 176 39 65 45 89 21 50 22 21 63 56 20 18 121 104 68 63 59 77 65 24 445 17 21 30 50 64 15 61 50 380 75 12 41 64 268 525 51 123
 66 50 51 0 44 55 44 27 20 62 76 58 35 178 43 68 50 87 22 52 22 25 63 59 26 24 125 103 72 66 63 80 65 24 445 22 23 31 52 64 16 63 52 386 73 15 42 67 268 527 56 124
 54 45 40 44 0 51 37 23 15 54 73 54 31 173 37 61 44 85 17 52 20 20 58 54 22 17 117 102 70 60 57 76 63 19 445 16 17 31 50 61 12 60 48 381 69 11 43 63 268 519 53 117
 62 53 55 55 51 0 41 30 16 61 77 59 38 181 43 67 48 93 23 56 25 26 64 59 23 26 124 108 70 67 66 81 66 23 449 22 21 32 53 64 19 66 54 387 74 19 48 69 268 524 56 121
 49 39 39 44 37 41 0 22 12 55 75 56 32 172 37 63 47 85 15 49 18 21 57 54 18 20 118 101 66 58 57 72 61 18 441 15 16 27 46 60 10 59 45 378 69 12 42 60 265 522 50 117
 40 25 25 27 23 30 22 0 7 50 67 50 25 167 31 55 40 79 10 43 13 15 52 46 13 13 112 94 61 53 53 67 57 14 436 11 12 23 42 56 5 52 40 374 65 7 34 55 260 514 45 113
 33 19 18 20 15 16 12 7 0 46 64 46 20 164 28 52 35 76 7 40 10 11 49 43 10 8 109 91 58 50 49 64 53 10 433 7 8 19 38 52 2 49 37 370 61 2 31 52 256 511 41 109
 71 61 56 62 54 61 55 50 46 0 81 64 38 184 47 66 52 91 22 55 27 29 66 57 24 24 123 109 73 66 68 81 67 29 448 25 28 33 52 66 19 67 52 387 80 16 48 67 270 525 55 127
 91 75 77 76 73 77 75 67 64 81 0 66 40 192 50 76 57 96 33 66 38 37 71 71 38 34 133 113 78 78 69 92 79 34 453 27 32 45 66 76 26 75 61 392 81 24 55 74 282 539 63 135
 73 59 58 58 54 59 56 50 46 64 66 0 37 178 46 70 52 90 22 54 25 25 63 58 27 24 123 110 75 67 68 78 71 27 450 22 28 33 58 70 16 67 51 387 79 22 49 70 273 530 57 123
 45 36 31 35 31 38 32 25 20 38 40 37 0 171 35 58 43 84 13 46 17 17 55 48 16 15 117 96 65 57 54 71 59 15 439 15 16 25 46 58 8 55 45 375 66 10 37 58 263 518 47 114
 192 179 176 178 173 181 172 167 164 184 192 178 171 0 97 127 110 134 65 98 79 75 102 96 79 78 184 149 116 114 102 122 112 63 491 76 67 77 113 110 72 113 90 423 119 72 84 116 325 580 100 173
 53 41 39 43 37 43 37 31 28 47 50 46 35 97 0 63 43 84 15 48 19 21 57 51 18 19 120 102 66 62 57 72 61 18 441 17 18 29 47 61 11 57 48 378 70 12 39 62 266 519 51 118
 75 64 65 68 61 67 63 55 52 66 76 70 58 127 63 0 54 97 29 56 32 27 68 60 32 27 130 110 75 71 66 81 72 29 455 29 27 41 57 68 18 70 53 391 78 23 50 69 275 532 59 130
 60 46 45 50 44 48 47 40 35 52 57 52 43 110 43 54 0 88 17 53 20 26 64 58 25 19 124 103 70 65 59 75 66 23 443 18 23 34 50 63 16 59 48 385 73 17 43 67 271 526 54 120
 103 88 89 87 85 93 85 79 76 91 96 90 84 134 84 97 88 0 33 71 41 42 80 69 43 37 138 120 91 84 78 88 80 36 466 31 35 50 65 78 36 82 68 396 92 31 57 76 282 544 72 135
 32 21 21 22 17 23 15 10 7 22 33 22 13 65 15 29 17 33 0 41 11 12 50 44 11 9 110 92 59 52 50 65 54 11 434 8 9 20 40 53 3 50 38 371 62 3 32 53 257 512 43 110
 61 55 50 52 52 56 49 43 40 55 66 54 46 98 48 56 53 71 41 0 23 24 62 55 24 24 122 106 75 63 62 78 69 22 448 22 25 31 54 65 17 62 50 384 75 17 46 69 269 528 57 124
 37 24 22 22 20 25 18 13 10 27 38 25 17 79 19 32 20 41 11 23 0 14 52 45 13 11 111 93 60 52 51 67 55 13 435 9 10 22 41 54 4 51 39 372 63 4 33 54 259 513 43 111
 32 23 21 25 20 26 21 15 11 29 37 25 17 75 21 27 26 42 12 24 14 0 51 46 13 12 112 93 61 53 51 67 56 13 436 10 11 22 42 55 5 52 40 372 63 6 34 54 259 513 44 111
 74 60 63 63 58 64 57 52 49 66 71 63 55 102 57 68 64 80 50 62 52 51 0 58 28 26 124 110 79 68 70 85 68 26 448 22 23 37 53 70 20 67 53 388 79 20 50 73 271 530 58 124
 66 58 56 59 54 59 54 46 43 57 71 58 48 96 51 60 58 69 44 55 45 46 58 0 25 22 123 105 76 64 63 77 66 23 446 25 25 34 52 67 15 63 54 384 79 15 45 66 270 524 57 122
 31 23 20 26 22 23 18 13 10 24 38 27 16 79 18 32 25 43 11 24 13 13 28 25 0 11 111 93 60 53 51 66 55 12 436 9 10 21 41 54 5 51 39 372 63 5 33 54 258 513 44 112
 31 20 18 24 17 26 20 13 8 24 34 24 15 78 19 27 19 37 9 24 11 12 26 22 11 0 111 93 60 52 50 66 55 12 435 8 10 21 40 54 4 50 38 372 63 4 33 53 258 513 43 111
 134 122 121 125 117 124 118 112 109 123 133 123 117 184 120 130 124 138 110 122 111 112 124 123 111 111 0 140 103 99 94 109 88 52 468 42 43 64 73 94 37 98 86 412 103 44 73 97 291 549 80 151
 116 103 104 103 102 108 101 94 91 109 113 110 96 149 102 110 103 120 92 106 93 93 110 105 93 93 140 0 93 85 78 104 94 42 468 44 40 51 79 87 37 86 77 410 98 31 68 87 285 543 73 141
 83 70 68 72 70 70 66 61 58 73 78 75 65 116 66 75 70 91 59 75 60 61 79 76 60 60 103 93 0 74 74 87 77 35 456 28 26 42 62 73 26 74 58 391 80 24 52 75 275 532 67 132
 73 65 63 66 60 67 58 53 50 66 78 67 57 114 62 71 65 84 52 63 52 53 68 64 53 52 99 85 74 0 67 81 70 25 448 24 25 39 58 69 21 71 59 387 79 22 49 69 273 528 60 129
 72 64 59 63 57 66 57 53 49 68 69 68 54 102 57 66 59 78 50 62 51 51 70 63 51 50 94 78 74 67 0 80 71 25 448 23 25 37 53 71 17 65 55 389 79 20 50 71 272 526 59 125
 93 77 77 80 76 81 72 67 64 81 92 78 71 122 72 81 75 88 65 78 67 67 85 77 66 66 109 104 87 81 80 0 73 32 455 35 30 41 62 78 22 71 57 390 87 28 51 74 282 537 67 129
 78 66 65 65 63 66 61 57 53 67 79 71 59 112 61 72 66 80 54 69 55 56 68 66 55 55 88 94 77 70 71 73 0 33 456 28 26 42 55 75 24 65 57 391 77 22 51 73 272 529 58 132
 37 21 24 24 19 23 18 14 10 29 34 27 15 63 18 29 23 36 11 22 13 13 26 23 12 12 52 42 35 25 25 32 33 0 435 10 10 21 40 54 5 52 39 372 64 4 33 54 258 513 44 112
 462 444 445 445 445 449 441 436 433 448 453 450 439 491 441 455 443 466 434 448 435 436 448 446 436 435 468 468 456 448 448 455 456 435 0 193 209 219 224 252 188 249 237 541 232 145 231 252 427 682 198 280
 34 21 17 22 16 22 15 11 7 25 27 22 15 76 17 29 18 31 8 22 9 10 22 25 9 8 42 44 28 24 23 35 28 10 193 0 10 20 39 53 4 50 38 371 62 4 32 53 257 512 42 110
 36 23 21 23 17 21 16 12 8 28 32 28 16 67 18 27 23 35 9 25 10 11 23 25 10 10 43 40 26 25 25 30 26 10 209 10 0 21 40 53 4 51 38 372 63 4 33 54 258 512 43 110
 42 32 30 31 31 32 27 23 19 33 45 33 25 77 29 41 34 50 20 31 22 22 37 34 21 21 64 51 42 39 37 41 42 21 219 20 21 0 44 57 9 55 42 376 67 7 37 59 263 516 46 116
 66 51 50 52 50 53 46 42 38 52 66 58 46 113 47 57 50 65 40 54 41 42 53 52 41 40 73 79 62 58 53 62 55 40 224 39 40 44 0 67 15 64 48 385 73 14 47 64 267 527 57 125
 77 64 64 64 61 64 60 56 52 66 76 70 58 110 61 68 63 78 53 65 54 55 70 67 54 54 94 87 73 69 71 78 75 54 252 53 53 57 67 0 21 71 54 387 78 20 47 73 278 528 64 128
 30 17 15 16 12 19 10 5 2 19 26 16 8 72 11 18 16 36 3 17 4 5 20 15 5 4 37 37 26 21 17 22 24 5 188 4 4 9 15 21 0 48 36 369 60 2 30 51 255 510 41 108
 72 63 61 63 60 66 59 52 49 67 75 67 55 113 57 70 59 82 50 62 51 52 67 63 51 50 98 86 74 71 65 71 65 52 249 50 51 55 64 71 48 0 58 391 77 19 52 71 272 529 61 128
 66 50 50 52 48 54 45 40 37 52 61 51 45 90 48 53 48 68 38 50 39 40 53 54 39 38 86 77 58 59 55 57 57 39 237 38 38 42 48 54 36 58 0 382 75 17 44 67 268 525 54 122
 393 382 380 386 381 387 378 374 370 387 392 387 375 423 378 391 385 396 371 384 372 372 388 384 372 372 412 410 391 387 389 390 391 372 541 371 372 376 385 387 369 391 382 0 219 173 153 174 390 682 212 280
 90 74 75 73 69 74 69 65 61 80 81 79 66 119 70 78 73 92 62 75 63 63 79 79 63 63 103 98 80 79 79 87 77 64 232 62 63 67 73 78 60 77 75 219 0 29 55 75 277 532 62 128
 25 18 12 15 11 19 12 7 2 16 24 22 10 72 12 23 17 31 3 17 4 6 20 15 5 4 44 31 24 22 20 28 22 4 145 4 4 7 14 20 2 19 17 173 29 0 30 51 255 510 41 108
 56 46 41 42 43 48 42 34 31 48 55 49 37 84 39 50 43 57 32 46 33 34 50 45 33 33 73 68 52 49 50 51 51 33 231 32 33 37 47 47 30 52 44 153 55 30 0 63 267 522 53 118
 77 63 64 67 63 69 60 55 52 67 74 70 58 116 62 69 67 76 53 69 54 54 73 66 54 53 97 87 75 69 71 74 73 54 252 53 54 59 64 73 51 71 67 174 75 51 63 0 275 533 64 131
 279 268 268 268 268 268 265 260 256 270 282 273 263 325 266 275 271 282 257 269 259 259 271 270 258 258 291 285 275 273 272 282 272 258 427 257 258 263 267 278 255 272 268 390 277 255 267 275 0 595 150 226
 538 523 525 527 519 524 522 514 511 525 539 530 518 580 519 532 526 544 512 528 513 513 530 524 513 513 549 543 532 528 526 537 529 513 682 512 512 516 527 528 510 529 525 682 532 510 522 533 595 0 227 328
 71 56 51 56 53 56 50 45 41 55 63 57 47 100 51 59 54 72 43 57 43 44 58 57 44 43 80 73 67 60 59 67 58 44 198 42 43 46 57 64 41 61 54 212 62 41 53 64 150 227 0 122
 134 120 123 124 117 121 117 113 109 127 135 123 114 173 118 130 120 135 110 124 111 111 124 122 112 111 151 141 132 129 125 129 132 112 280 110 110 116 125 128 108 128 122 280 128 108 118 131 226 328 122 0

 0 31 42 460 46 23 37 473 591 32 49 54 256 64 53 388 44 63 62 23 24 37 6 77 31 58 68 415 41 46 26 54 75 80 540 59 40 7 58 51 9 46 32 188 39 18 41 48 23 27 50 10
 31 0 47 465 51 28 42 479 597 39 54 58 260 70 59 394 50 70 68 29 27 43 13 84 35 63 73 420 48 51 30 60 81 84 548 65 48 13 65 58 17 50 36 194 46 26 47 51 29 34 56 15
 42 47 0 472 58 33 49 485 598 39 59 63 265 75 64 395 56 71 74 33 35 48 15 89 39 66 79 422 52 54 38 65 84 87 552 67 53 14 69 60 17 57 39 198 47 29 52 58 33 39 61 18
 460 465 472 0 194 185 185 635 767 209 225 260 448 257 200 564 236 210 269 200 230 215 183 239 207 266 215 622 203 239 203 230 266 242 702 266 188 153 250 244 171 253 224 380 186 195 203 194 230 174 257 188
 46 51 58 194 0 37 51 484 601 46 57 66 264 79 62 399 55 72 73 33 37 47 18 86 39 73 77 429 54 61 40 62 87 93 550 69 55 19 67 66 19 58 42 199 52 27 50 57 36 36 64 22
 23 28 33 185 37 0 40 476 592 33 50 54 258 66 54 388 46 66 64 26 25 40 7 78 32 61 70 415 42 50 28 55 75 82 542 60 44 8 59 54 12 46 34 189 40 20 43 48 24 30 51 13
 37 42 49 185 51 40 0 480 596 41 57 59 264 72 59 396 50 71 70 29 31 48 13 86 39 67 75 424 48 53 36 59 82 87 549 66 48 13 66 57 15 52 40 194 48 24 47 55 31 34 59 19
 473 479 485 635 484 476 480 0 741 183 261 266 422 247 266 585 226 261 228 205 189 235 157 274 212 272 265 596 254 213 223 235 225 277 707 272 207 219 255 218 160 243 198 339 252 169 238 244 205 178 232 208
 591 597 598 767 601 592 596 741 0 299 316 243 523 294 320 577 234 311 310 252 252 247 216 267 220 307 335 643 270 314 235 243 303 328 769 307 231 274 305 319 219 293 241 417 287 247 270 314 271 237 240 240
 32 39 39 209 46 33 41 183 299 0 54 57 261 69 58 392 51 70 69 27 27 43 12 82 37 63 74 422 48 53 33 60 80 84 548 63 47 10 61 56 14 52 37 192 44 22 48 54 29 34 54 16
 49 54 59 225 57 50 57 261 316 54 0 62 267 78 62 402 59 73 74 38 38 47 16 92 40 69 78 426 56 62 38 66 86 92 555 68 51 16 69 66 24 60 41 197 49 29 56 60 38 41 60 26
 54 58 63 260 66 54 59 266 243 57 62 0 268 76 70 404 55 76 79 35 40 49 19 89 47 76 83 427 58 58 37 68 86 94 553 73 53 22 74 68 23 58 49 203 55 32 58 58 37 43 62 22
 256 260 265 448 264 258 264 422 523 261 267 268 0 176 139 474 130 142 173 101 109 124 85 172 117 145 146 518 127 150 137 139 160 166 652 145 119 85 136 163 104 140 127 299 118 105 119 125 134 106 145 114
 64 70 75 257 79 66 72 247 294 69 78 76 176 0 73 406 59 84 82 42 43 57 23 97 51 74 90 429 63 66 41 72 93 97 555 78 60 27 80 68 30 62 54 210 60 41 56 62 43 44 72 28
 53 59 64 200 62 54 59 266 320 58 62 70 139 73 0 398 59 77 77 34 37 55 17 88 41 71 79 430 56 64 40 70 86 95 553 71 53 22 68 64 26 59 43 200 55 35 56 59 35 44 62 25
 388 394 395 564 399 388 396 585 577 392 402 404 474 406 398 0 179 198 235 171 171 198 129 212 153 194 190 587 189 182 199 188 234 228 688 232 189 129 230 224 144 168 154 310 212 179 176 207 158 150 185 146
 44 50 56 236 55 46 50 226 234 51 59 55 130 59 59 179 0 76 73 32 36 51 14 90 43 69 78 422 51 60 35 63 83 90 549 69 49 15 68 64 20 57 42 196 50 26 54 56 34 40 59 22
 63 70 71 210 72 66 71 261 311 70 73 76 142 84 77 198 76 0 78 39 43 58 28 97 46 81 82 436 61 67 48 73 92 98 562 75 57 22 73 71 27 63 50 208 59 33 55 61 43 45 64 29
 62 68 74 269 73 64 70 228 310 69 74 79 173 82 77 235 73 78 0 42 44 59 26 96 44 73 89 432 56 66 41 67 91 101 558 76 56 20 77 65 29 67 49 207 55 34 60 66 44 49 69 32
 23 29 33 200 33 26 29 205 252 27 38 35 101 42 34 171 32 39 42 0 25 40 8 78 33 60 69 416 43 50 27 55 76 83 542 60 43 9 59 53 11 48 33 191 42 19 44 49 25 29 51 12
 24 27 35 230 37 25 31 189 252 27 38 40 109 43 37 171 36 43 44 25 0 40 7 79 33 62 70 416 43 49 27 56 76 81 542 61 44 9 59 52 10 47 35 190 41 19 43 49 25 28 52 13
 37 43 48 215 47 40 48 235 247 43 47 49 124 57 55 198 51 58 59 40 40 0 15 86 37 68 75 423 51 56 35 62 80 88 548 66 49 13 67 59 17 51 40 198 48 28 49 57 29 34 59 21
 6 13 15 183 18 7 13 157 216 12 16 19 85 23 17 129 14 28 26 8 7 15 0 72 26 54 63 410 36 42 21 48 69 75 536 54 36 2 53 47 5 41 27 183 35 14 36 42 18 23 45 6
 77 84 89 239 86 78 86 274 267 82 92 89 172 97 88 212 90 97 96 78 79 86 72 0 49 78 96 443 67 73 47 74 95 108 569 85 60 32 78 75 28 69 58 216 60 42 69 70 49 53 73 32
 31 35 39 207 39 32 39 212 220 37 40 47 117 51 41 153 43 46 44 33 33 37 26 49 0 65 74 418 44 50 32 58 80 85 544 65 47 11 63 56 15 51 38 191 43 22 45 52 29 31 53 17
 58 63 66 266 73 61 67 272 307 63 69 76 145 74 71 194 69 81 73 60 62 68 54 78 65 0 81 427 59 60 46 66 90 98 555 77 54 26 77 71 29 63 45 206 57 31 61 63 37 47 70 24
 68 73 79 215 77 70 75 265 335 74 78 83 146 90 79 190 78 82 89 69 70 75 63 96 74 81 0 436 59 69 46 73 96 98 556 77 63 28 75 71 29 65 56 210 59 36 57 65 41 51 70 31
 415 420 422 622 429 415 424 596 643 422 426 427 518 429 430 587 422 436 432 416 416 423 410 443 418 427 436 0 186 178 184 211 260 225 672 190 213 192 189 237 141 204 177 333 225 163 199 233 168 159 181 142
 41 48 52 203 54 42 48 254 270 48 56 58 127 63 56 189 51 61 56 43 43 51 36 67 44 59 59 186 0 56 36 62 84 87 552 70 48 13 69 58 21 52 42 199 51 30 50 57 34 39 60 18
 46 51 54 239 61 50 53 213 314 53 62 58 150 66 64 182 60 67 66 50 49 56 42 73 50 60 69 178 56 0 40 67 83 93 553 73 54 21 67 61 22 57 45 199 49 30 54 56 36 37 61 20
 26 30 38 203 40 28 36 223 235 33 38 37 137 41 40 199 35 48 41 27 27 35 21 47 32 46 46 184 36 40 0 57 76 83 544 61 43 9 60 55 12 50 35 190 41 22 43 49 27 30 53 15
 54 60 65 230 62 55 59 235 243 60 66 68 139 72 70 188 63 73 67 55 56 62 48 74 58 66 73 211 62 67 57 0 88 95 553 76 58 19 70 62 22 62 47 205 56 31 52 64 35 41 67 25
 75 81 84 266 87 75 82 225 303 80 86 86 160 93 86 234 83 92 91 76 76 80 69 95 80 90 96 260 84 83 76 88 0 107 567 83 61 33 84 74 36 72 54 208 64 45 65 69 43 47 70 31
 80 84 87 242 93 82 87 277 328 84 92 94 166 97 95 228 90 98 101 83 81 88 75 108 85 98 98 225 87 93 83 95 107 0 560 84 68 33 84 81 32 75 57 217 62 41 61 72 50 54 72 38
 540 548 552 702 550 542 549 707 769 548 555 553 652 555 553 688 549 562 558 542 542 548 536 569 544 555 556 672 552 553 544 553 567 560 0 250 250 233 248 242 254 219 205 379 248 263 285 238 250 272 259 238
 59 65 67 266 69 60 66 272 307 63 68 73 145 78 71 232 69 75 76 60 61 66 54 85 65 77 77 190 70 73 61 76 83 84 250 0 57 19 77 68 27 58 52 208 52 36 55 67 37 44 64 24
 40 48 53 188 55 44 48 207 231 47 51 53 119 60 53 189 49 57 56 43 44 49 36 60 47 54 63 213 48 54 43 58 61 68 250 57 0 13 69 59 18 54 41 196 50 29 50 57 33 39 60 18
 7 13 14 153 19 8 13 219 274 10 16 22 85 27 22 129 15 22 20 9 9 13 2 32 11 26 28 192 13 21 9 19 33 33 233 19 13 0 53 47 5 41 27 183 35 14 36 42 18 23 45 6
 58 65 69 250 67 59 66 255 305 61 69 74 136 80 68 230 68 73 77 59 59 67 53 78 63 77 75 189 69 67 60 70 84 84 248 77 69 53 0 70 22 64 46 207 53 36 57 64 40 41 62 30
 51 58 60 244 66 54 57 218 319 56 66 68 163 68 64 224 64 71 65 53 52 59 47 75 56 71 71 237 58 61 55 62 74 81 242 68 59 47 70 0 21 62 45 204 54 29 57 57 39 39 65 27
 9 17 17 171 19 12 15 160 219 14 24 23 104 30 26 144 20 27 29 11 10 17 5 28 15 29 29 141 21 22 12 22 36 32 254 27 18 5 22 21 0 42 28 185 36 15 37 43 19 24 47 8
 46 50 57 253 58 46 52 243 293 52 60 58 140 62 59 168 57 63 67 48 47 51 41 69 51 63 65 204 52 57 50 62 72 75 219 58 54 41 64 62 42 0 43 200 49 28 54 55 31 38 59 23
 32 36 39 224 42 34 40 198 241 37 41 49 127 54 43 154 42 50 49 33 35 40 27 58 38 45 56 177 42 45 35 47 54 57 205 52 41 27 46 45 28 43 0 195 46 25 45 51 27 31 56 18
 188 194 198 380 199 189 194 339 417 192 197 203 299 210 200 310 196 208 207 191 190 198 183 216 191 206 210 333 199 199 190 205 208 217 379 208 196 183 207 204 185 200 195 0 95 86 109 115 85 101 124 91
 39 46 47 186 52 40 48 252 287 44 49 55 118 60 55 212 50 59 55 42 41 48 35 60 43 57 59 225 51 49 41 56 64 62 248 52 50 35 53 54 36 49 46 95 0 25 48 54 29 38 57 20
 18 26 29 195 27 20 24 169 247 22 29 32 105 41 35 179 26 33 34 19 19 28 14 42 22 31 36 163 30 30 22 31 45 41 263 36 29 14 36 29 15 28 25 86 25 0 40 47 22 27 49 10
 41 47 52 203 50 43 47 238 270 48 56 58 119 56 56 176 54 55 60 44 43 49 36 69 45 61 57 199 50 54 43 52 65 61 285 55 50 36 57 57 37 54 45 109 48 40 0 57 34 36 61 19
 48 51 58 194 57 48 55 244 314 54 60 58 125 62 59 207 56 61 66 49 49 57 42 70 52 63 65 233 57 56 49 64 69 72 238 67 57 42 64 57 43 55 51 115 54 47 57 0 33 36 64 24
 23 29 33 230 36 24 31 205 271 29 38 37 134 43 35 158 34 43 44 25 25 29 18 49 29 37 41 168 34 36 27 35 43 50 250 37 33 18 40 39 19 31 27 85 29 22 34 33 0 28 51 12
 27 34 39 174 36 30 34 178 237 34 41 43 106 44 44 150 40 45 49 29 28 34 23 53 31 47 51 159 39 37 30 41 47 54 272 44 39 23 41 39 24 38 31 101 38 27 36 36 28 0 52 15
 50 56 61 257 64 51 59 232 240 54 60 62 145 72 62 185 59 64 69 51 52 59 45 73 53 70 70 181 60 61 53 67 70 72 259 64 60 45 62 65 47 59 56 124 57 49 61 64 51 52 0 26
 10 15 18 188 22 13 19 208 240 16 26 22 114 28 25 146 22 29 32 12 13 21 6 32 17 24 31 142 18 20 15 25 31 38 238 24 18 6 30 27 8 23 18 91 20 10 19 24 12 15 26 0

 0 76 83 64 60 64 77 76 39 98 93 81 74 82 73 104 87 49 44 99 71 59 62 101 98 55 71 97 95 100 60 65 109 64 64 54 112 81 103 94 52 115 65 103 81 77 91 57 90 55 77 58
 93 0 66 54 61 50 62 63 36 93 74 72 76 79 56 88 81 47 54 86 57 51 57 96 89 65 68 82 100 78 67 63 86 53 53 41 101 83 95 85 53 106 58 82 76 65 85 51 71 42 58 45
 78 75 0 57 58 54 53 54 42 91 84 74 69 74 49 86 77 40 48 86 63 41 58 83 88 49 72 70 93 80 61 47 93 54 38 44 91 64 77 81 46 97 53 84 67 58 82 47 71 49 49 43
 78 63 57 0 46 44 53 46 29 80 73 73 67 73 50 83 77 37 35 83 52 38 56 90 89 47 72 66 95 71 53 47 89 53 41 35 83 72 74 76 39 84 53 72 70 59 74 45 67 39 55 48
 82 69 53 48 0 50 51 52 36 84 71 69 62 76 53 77 75 37 36 88 57 33 52 86 82 44 66 69 88 71 52 52 77 43 34 35 86 61 81 77 37 91 53 72 62 58 72 47 69 43 54 47
 75 63 57 49 50 0 51 45 28 74 69 73 68 77 47 78 77 41 36 86 51 36 53 82 76 45 62 72 89 77 59 51 79 43 38 38 80 60 81 72 38 89 45 73 67 57 75 42 64 45 51 47
 87 67 61 57 57 53 0 59 38 86 79 76 70 76 59 89 74 40 40 85 62 47 61 83 86 47 63 67 92 80 59 51 84 54 44 36 95 67 82 78 36 94 56 78 70 71 76 48 71 47 51 48
 78 69 57 49 44 49 54 0 40 77 76 70 66 77 47 82 76 41 43 91 52 40 52 78 85 50 67 71 91 77 58 52 86 47 34 43 85 63 76 74 34 91 46 80 63 61 71 43 61 40 56 42
 72 62 52 41 42 36 48 41 0 73 64 64 60 64 44 72 69 34 29 77 45 28 48 74 76 38 59 63 78 67 46 42 73 36 28 29 79 56 72 70 30 78 39 70 59 55 69 36 59 32 46 36
 92 76 81 75 71 60 73 65 56 0 78 92 76 91 56 93 104 47 48 112 62 48 72 101 89 63 77 92 108 90 69 60 91 70 42 61 112 83 106 81 54 104 74 90 75 68 100 49 75 66 77 56
 100 83 70 63 53 68 63 71 54 93 0 89 87 93 64 98 82 62 51 107 75 45 69 92 92 69 72 80 104 92 69 67 85 60 43 58 91 74 101 94 45 100 60 88 79 81 85 63 76 61 72 51
 101 69 68 54 64 59 64 57 47 88 86 0 80 82 64 101 81 55 41 96 61 44 60 104 86 50 80 72 94 87 64 66 99 67 50 42 98 75 83 91 52 109 50 82 77 65 82 44 68 55 71 50
 83 76 62 63 55 55 62 56 45 84 87 77 0 89 66 93 95 52 39 91 62 44 69 94 91 50 83 71 97 92 66 58 86 50 43 51 97 73 93 77 46 92 53 80 78 73 75 42 81 57 66 57
 96 83 70 63 55 60 63 52 44 83 87 85 81 0 63 98 95 43 43 105 67 51 61 94 85 58 81 76 106 82 69 65 96 60 55 47 89 81 97 98 56 106 69 94 68 67 79 48 85 52 70 55
 81 67 58 55 49 49 55 45 35 86 68 71 67 68 0 80 78 41 42 85 56 42 58 90 83 54 61 68 85 80 56 44 86 53 34 43 83 67 86 81 38 84 47 74 64 64 73 38 64 37 52 50
 88 81 75 69 63 54 76 57 51 106 92 90 92 83 63 0 98 63 48 113 78 51 80 104 88 66 78 89 113 97 80 63 92 54 65 64 99 82 93 84 62 116 73 101 84 75 92 60 80 47 58 50
 99 77 71 69 63 54 80 71 52 87 85 92 71 98 57 107 0 58 55 107 71 61 61 88 88 56 84 92 94 80 75 71 86 62 55 57 93 80 104 80 53 100 68 90 86 79 85 52 90 52 69 53
 76 66 48 48 44 45 51 41 31 78 66 67 64 65 42 76 74 0 37 83 55 36 54 81 78 41 59 67 85 76 55 41 74 42 36 32 85 60 78 70 33 82 46 71 60 59 73 40 65 39 47 41
 74 66 51 46 40 44 47 48 30 72 66 70 58 72 45 78 70 35 0 78 51 37 55 82 75 46 57 69 82 72 51 46 79 43 35 35 77 64 76 69 33 82 45 68 64 59 64 38 63 33 43 41
 94 97 86 73 62 59 66 65 61 89 91 78 85 86 57 100 91 63 61 0 75 52 68 102 95 61 93 100 113 89 71 72 100 76 46 66 92 74 109 94 50 95 75 85 72 74 82 50 95 64 57 51
 80 67 58 56 47 53 54 56 34 86 79 71 66 75 54 85 83 38 42 82 0 42 66 87 85 52 70 68 88 86 57 47 89 53 45 36 93 69 83 84 35 86 47 75 74 58 75 38 65 43 55 41
 72 62 54 48 41 45 52 44 29 78 72 69 59 65 44 73 75 36 33 78 46 0 52 80 74 39 57 69 81 72 49 46 75 45 29 32 81 57 70 69 32 84 44 69 59 57 67 33 59 36 47 41
 87 67 58 49 47 47 66 47 35 78 71 77 65 70 48 82 75 49 37 86 64 41 0 81 93 57 75 81 96 77 59 46 87 47 48 38 87 73 79 81 49 99 46 78 69 62 73 51 73 51 56 51
 93 80 83 72 73 75 68 73 58 109 84 93 89 88 65 104 99 53 65 107 63 58 78 0 95 54 72 76 101 100 70 66 99 66 43 47 109 78 105 98 49 117 60 87 83 67 84 61 94 65 63 71
 90 84 69 74 61 69 72 70 59 86 83 79 84 81 71 96 96 68 55 95 76 64 64 109 0 75 86 76 116 101 74 70 110 60 56 64 91 82 89 99 62 109 55 86 82 73 92 65 75 54 65 72
 84 64 55 54 47 46 54 54 31 81 69 68 63 67 46 84 81 42 34 87 57 42 52 84 81 0 60 73 88 75 55 54 84 49 38 39 88 66 81 74 36 87 47 74 64 55 74 45 61 42 46 40
 95 72 65 55 56 63 60 57 39 92 80 72 82 88 67 94 92 47 53 100 60 48 60 97 85 51 0 77 103 88 63 62 94 53 39 50 100 72 92 81 43 105 54 89 82 76 88 42 75 50 67 61
 87 74 69 66 67 66 60 58 52 95 75 82 81 91 66 87 84 49 54 101 73 45 76 98 84 53 80 0 95 87 64 61 91 57 55 45 96 83 84 85 44 91 56 90 71 77 87 52 69 54 52 48
 98 75 76 70 73 66 63 66 66 105 102 101 79 97 70 94 85 62 51 114 67 68 83 110 104 74 80 94 0 84 84 59 114 78 45 48 107 95 99 88 58 108 74 105 85 83 97 73 83 61 65 74
 96 76 74 62 65 54 66 65 55 90 82 81 83 79 54 106 81 61 62 91 73 48 76 95 98 65 71 89 94 0 59 55 96 52 46 50 96 77 93 97 54 104 71 82 73 77 87 47 75 57 54 68
 90 67 60 60 59 50 55 49 31 80 77 71 66 81 60 89 83 47 43 95 61 39 66 88 84 47 65 76 91 79 0 46 88 43 35 44 91 71 76 80 35 95 51 80 70 58 79 51 74 45 52 51
 82 68 62 48 51 50 55 44 33 82 72 75 65 74 49 81 81 42 33 86 58 36 55 89 83 53 70 70 87 79 51 0 86 49 37 43 87 64 78 77 43 86 52 79 68 58 72 46 60 46 48 49
 108 77 62 58 74 60 80 55 57 106 96 95 88 96 63 94 87 63 44 102 72 59 66 109 110 55 75 87 102 97 76 68 0 67 45 53 108 80 89 93 59 94 62 93 78 69 81 62 89 65 74 59
 82 62 50 47 50 47 49 45 29 79 72 73 68 69 49 76 81 40 39 81 54 36 54 81 82 47 69 67 89 80 50 51 86 0 36 33 86 67 75 80 39 89 47 72 64 55 69 45 65 36 50 45
 75 58 48 42 42 41 50 40 28 73 66 69 59 68 44 80 69 35 32 76 47 34 51 76 76 40 57 63 83 71 47 42 73 38 0 30 76 63 71 70 30 82 42 72 60 52 71 36 63 34 47 41
 79 64 51 44 40 38 52 48 33 72 65 70 66 70 47 78 72 37 35 81 48 30 48 80 78 44 57 68 84 73 47 42 79 37 28 0 76 62 71 71 32 87 41 72 64 59 69 33 63 33 49 41
 92 97 77 69 65 62 75 56 50 94 80 101 80 100 71 89 100 58 59 110 71 52 86 113 109 66 90 81 104 101 78 62 93 64 50 45 0 77 92 92 45 108 63 89 81 74 103 62 88 53 71 53
 92 75 60 67 66 58 70 52 36 95 85 88 84 81 51 97 81 40 55 97 62 52 57 92 85 61 77 87 100 76 68 64 87 53 42 50 102 0 92 93 50 93 51 88 74 66 90 58 82 56 67 54
 104 86 80 59 56 55 78 68 41 85 88 93 82 90 70 108 101 45 56 96 60 60 65 101 91 67 72 79 99 89 64 58 108 57 42 43 96 89 0 85 56 99 67 91 70 80 88 67 85 48 68 62
 98 76 62 70 73 67 76 67 42 94 82 95 83 84 70 91 97 56 58 106 74 56 62 91 86 55 83 91 96 85 71 70 106 62 43 46 104 77 95 0 50 94 71 80 73 82 79 65 73 59 68 60
 72 59 53 42 48 44 50 45 29 73 66 63 59 69 47 75 70 37 34 83 49 37 50 77 75 42 62 66 82 74 48 48 75 42 31 37 77 63 71 73 0 87 45 72 59 58 64 33 63 36 45 42
 105 89 74 77 81 54 82 76 63 102 95 86 75 81 68 92 92 72 68 105 82 46 86 115 99 57 78 78 117 100 65 61 102 78 45 56 105 78 111 96 70 0 62 96 95 76 100 68 83 59 60 76
 79 64 61 45 44 40 55 45 37 84 78 69 72 73 53 81 78 41 41 87 55 36 58 86 78 43 69 75 87 77 54 48 77 44 37 37 81 65 74 76 38 85 0 75 70 59 75 45 63 39 46 39
 88 73 68 56 58 55 79 55 48 88 87 77 81 94 70 100 81 61 54 106 61 48 80 101 91 61 79 76 92 90 73 67 93 50 41 50 94 81 95 95 42 99 51 0 83 77 82 65 89 65 56 48
 82 67 73 60 62 63 62 54 41 81 81 81 69 81 62 97 94 55 47 102 68 43 65 95 84 62 67 72 88 78 65 59 85 58 42 48 97 67 81 91 47 96 56 88 0 71 86 51 69 51 51 48
 94 73 58 52 52 54 58 58 37 94 75 85 77 79 64 96 84 46 39 97 65 40 66 82 91 57 73 80 92 85 55 52 81 45 46 46 91 64 93 88 46 87 48 88 68 0 73 48 67 49 60 46
 100 70 65 59 57 50 77 65 46 93 87 84 70 83 63 94 82 58 49 107 71 58 59 90 96 56 79 86 110 79 58 69 104 52 57 41 101 68 85 79 45 108 56 88 85 73 0 46 85 50 70 58
 80 65 49 46 50 41 51 41 31 80 71 69 62 67 47 83 75 35 34 80 48 33 51 76 77 45 66 66 87 68 55 43 80 38 37 36 85 58 75 71 37 88 42 70 58 59 72 0 59 39 43 45
 95 72 71 62 66 61 60 51 41 87 88 86 74 78 67 92 82 45 45 95 55 42 61 84 99 61 69 72 101 88 63 62 94 54 37 43 90 72 79 86 48 103 56 89 80 74 76 43 0 45 64 59
 79 62 55 48 47 46 51 44 26 80 67 68 66 66 44 81 75 34 36 85 50 36 53 76 75 46 61 63 81 74 52 46 77 41 31 31 85 61 75 70 31 87 46 72 58 61 71 39 58 0 49 37
 78 62 60 54 56 48 56 44 29 84 77 75 71 80 55 86 82 42 45 80 52 44 52 90 85 44 63 66 93 83 51 49 89 46 42 36 88 65 76 74 39 95 47 79 70 65 71 37 72 46 0 50
 77 68 56 51 42 39 48 44 33 83 72 68 67 66 45 81 71 39 41 84 49 37 56 86 78 46 60 67 82 70 48 42 80 48 37 35 87 61 74 76 40 81 50 79 60 54 72 36 60 35 51 0

 0 58 65 83 82 53 51 62 86 71 82 58 60 83 52 81 61 48 48 55 54 57 83 65 52 45 83 41 40 41 63 46 76 55 82 83 66 47 34 41 78 86 85 31 53 57 70 87 80 81 74 49
 61 0 70 84 78 54 56 58 94 66 73 63 71 82 46 81 61 61 52 49 57 57 88 68 46 40 95 35 49 37 73 49 85 48 83 97 67 42 44 40 78 87 85 34 58 71 63 87 72 89 76 41
 52 60 0 92 79 68 51 57 85 63 76 64 70 85 57 81 75 61 55 57 55 67 91 58 49 54 90 43 45 43 64 52 78 45 78 88 73 49 37 52 83 91 91 43 59 60 67 97 85 76 79 49
 79 75 71 0 96 75 60 69 88 76 100 80 77 104 55 110 67 71 63 72 75 72 98 77 57 46 91 58 68 57 80 71 94 52 104 110 81 63 42 65 85 101 90 48 64 78 89 115 79 83 92 68
 66 66 81 100 0 78 72 69 96 68 77 65 75 94 65 88 71 56 53 53 64 58 92 66 47 48 92 41 51 41 78 49 88 68 82 100 81 56 46 60 81 106 100 48 74 77 82 92 91 80 82 65
 52 64 70 80 70 0 48 66 93 62 72 66 69 87 43 82 59 58 54 47 58 59 91 55 44 49 93 48 49 40 67 54 76 51 87 89 71 42 39 38 77 97 79 34 56 62 66 96 79 84 87 44
 55 53 68 80 75 57 0 52 79 62 79 68 68 80 46 80 63 55 47 46 59 51 84 58 47 36 84 37 40 38 66 47 77 47 74 92 69 42 36 35 73 87 85 32 63 57 65 86 76 78 75 44
 54 57 60 82 73 65 51 0 85 62 75 61 69 84 41 88 59 62 59 46 50 58 89 64 42 42 87 37 41 47 70 54 79 52 78 96 65 44 41 47 70 93 86 32 60 56 71 95 81 79 79 53
 81 79 89 94 85 69 63 72 0 76 98 67 90 93 57 103 78 60 74 57 71 69 102 81 51 65 102 49 68 55 80 69 98 60 84 101 87 48 46 61 87 112 95 53 66 72 74 99 92 92 98 57
 58 74 73 88 77 66 66 71 96 0 87 73 67 80 59 94 67 66 55 49 63 55 94 66 59 44 93 41 43 41 71 58 83 52 77 88 84 40 45 49 84 86 96 37 62 59 64 103 82 79 91 57
 72 77 76 97 76 71 67 58 85 79 0 64 85 97 56 97 74 75 60 72 55 78 106 81 64 51 90 40 56 53 86 65 96 59 89 99 81 55 43 55 90 91 101 57 77 74 73 94 82 100 96 52
 56 57 65 92 82 67 55 58 90 76 73 0 63 82 49 90 65 60 63 55 55 64 88 68 52 39 90 36 42 46 76 45 89 50 84 96 73 43 44 42 82 93 90 34 61 60 68 99 76 78 87 46
 63 71 66 90 74 71 59 56 90 71 77 74 0 84 47 83 76 51 50 56 54 70 90 69 54 55 87 45 42 42 80 48 89 54 87 89 77 53 44 39 84 90 84 39 56 63 77 96 77 81 92 58
 67 65 68 109 89 70 60 79 104 80 82 66 87 0 52 89 70 74 67 56 76 71 89 82 59 45 95 55 57 48 79 64 98 51 90 100 82 67 45 56 95 113 105 45 77 82 78 105 83 85 95 50
 46 57 62 79 74 58 46 49 81 65 76 54 62 77 0 83 60 53 51 47 46 55 82 57 39 37 81 32 41 40 63 41 72 39 78 87 68 35 27 41 71 84 73 32 55 57 59 87 69 77 74 41
 59 64 80 103 83 64 63 69 107 85 80 78 77 97 66 0 73 75 59 70 73 80 93 68 51 46 111 62 71 44 78 69 105 56 82 103 76 50 40 63 98 94 90 51 62 87 92 108 97 92 90 57
 65 61 63 88 81 55 53 57 96 66 75 63 73 79 46 85 0 54 48 59 66 64 91 67 42 39 97 36 47 50 67 56 82 55 86 88 75 40 40 44 87 91 88 44 66 58 64 97 74 87 84 45
 55 54 65 79 73 52 53 55 90 62 77 67 68 86 48 80 57 0 57 49 60 51 83 64 41 44 89 43 48 34 71 46 81 50 74 92 72 40 36 36 70 94 82 42 64 66 60 93 71 74 73 42
 57 60 60 83 73 57 49 52 84 65 73 67 61 77 46 88 63 48 0 44 53 51 85 59 41 42 87 43 40 40 64 49 74 43 76 81 70 36 33 42 70 91 76 34 57 65 62 87 72 82 76 39
 56 54 61 81 73 51 45 56 84 59 75 58 68 86 47 85 57 56 53 0 51 50 82 64 46 40 86 37 47 39 64 50 81 50 71 84 66 44 30 40 68 88 77 36 54 57 65 85 66 73 81 38
 53 63 58 86 78 53 46 57 81 63 82 61 70 88 46 84 60 60 49 51 0 58 80 55 46 38 89 34 48 38 65 48 78 54 73 90 72 40 32 42 72 89 80 38 52 55 66 90 78 73 74 40
 58 65 63 90 81 53 60 61 88 74 75 64 68 80 46 90 69 54 55 57 52 0 90 58 41 43 87 39 41 47 74 48 75 50 84 88 69 47 36 38 83 84 82 36 53 63 63 98 73 86 79 43
 60 75 69 106 93 69 72 75 102 75 87 76 82 107 65 99 76 67 69 75 76 68 0 75 49 46 98 63 49 60 76 66 106 61 93 95 75 57 40 64 93 110 89 58 80 83 93 118 78 88 88 67
 51 65 59 88 82 57 54 67 91 64 73 71 68 78 52 81 70 50 49 48 57 53 82 0 46 40 84 37 49 50 76 51 81 51 79 88 69 52 37 49 85 95 79 34 65 63 71 90 83 75 78 43
 51 59 54 81 73 50 47 52 80 65 72 58 60 81 45 84 54 49 42 50 45 52 81 52 0 35 85 38 42 32 64 47 74 44 70 88 66 37 29 36 73 86 81 34 57 54 57 87 65 77 75 37
 49 53 56 80 66 56 48 53 80 61 66 59 56 80 37 78 59 46 43 47 50 51 83 50 41 0 81 35 39 36 65 46 71 46 70 84 60 40 32 39 73 79 80 26 50 54 63 83 66 71 71 41
 80 66 87 90 81 78 79 70 90 90 94 76 77 87 60 88 81 67 64 62 76 75 90 69 63 57 0 50 60 47 87 61 90 66 98 97 77 69 54 51 95 108 102 40 80 86 88 102 86 86 99 58
 48 53 54 77 64 52 47 48 78 62 69 54 54 74 40 73 56 47 45 42 45 48 79 54 39 31 77 0 38 36 56 43 72 39 71 78 60 33 25 35 68 80 77 27 49 54 59 85 63 70 74 36
 47 56 62 79 67 52 48 57 78 62 74 57 64 75 45 81 59 52 44 46 51 48 81 52 39 40 78 31 0 34 67 47 75 43 71 85 64 42 32 34 69 85 77 27 55 53 58 87 70 76 70 41
 45 49 57 73 65 54 47 54 75 57 71 56 54 78 35 76 54 45 47 40 48 47 79 50 38 36 75 28 39 0 57 41 69 42 71 79 60 35 25 36 67 82 74 28 50 54 60 85 70 76 76 41
 67 70 78 82 86 65 52 72 92 71 78 69 69 94 48 87 63 57 59 49 64 65 93 73 50 43 87 54 51 43 0 53 78 59 79 93 73 43 41 40 78 101 87 42 57 71 76 94 85 94 91 46
 57 57 65 78 70 57 47 56 79 65 68 60 65 76 39 78 57 51 43 46 53 57 83 55 42 37 86 41 45 33 65 0 72 48 75 82 64 41 33 34 69 82 79 30 54 58 60 88 73 80 79 40
 62 70 86 94 83 61 67 73 88 74 79 86 77 103 63 107 81 77 61 67 70 69 106 66 55 48 108 59 63 61 90 62 0 71 96 109 91 52 46 60 79 91 93 52 75 82 89 98 86 84 100 49
 55 58 62 83 75 60 51 51 78 68 75 60 63 77 39 79 57 56 46 43 52 59 84 58 45 34 87 38 37 41 66 46 76 0 77 87 67 35 34 36 74 88 80 31 58 61 64 91 70 74 72 38
