16 2

 0 9 3 10 3 31 22 27 37 138 8 31 19 8 25 6
 9 0 4 12 4 33 23 28 38 139 9 32 21 8 26 7
 3 4 0 9 2 30 21 26 36 137 6 30 18 6 24 5
 10 12 9 0 5 33 24 29 40 140 9 33 21 10 27 8
 3 4 2 5 0 30 21 26 36 137 6 30 18 6 24 5
 31 33 30 33 30 0 32 36 49 146 19 40 31 18 36 16
 22 23 21 24 21 32 0 33 45 145 14 38 25 15 33 12
 27 28 26 29 26 36 33 0 45 145 17 40 29 17 35 13
 37 38 36 40 36 49 45 45 0 150 22 45 30 20 36 18
 138 139 137 140 137 146 145 145 150 0 56 75 81 51 69 68
 8 9 6 9 6 19 14 17 22 56 0 32 20 8 26 6
 31 32 30 33 30 40 38 40 45 75 32 0 30 18 35 15
 19 21 18 21 18 31 25 29 30 81 20 30 0 12 30 12
 8 8 6 10 6 18 15 17 20 51 8 18 12 0 26 7
 25 26 24 27 24 36 33 35 36 69 26 35 30 26 0 12
 6 7 5 8 5 16 12 13 18 68 6 15 12 7 12 0

 0 33 23 20 8 7 10 98 4 29 8 11 38 22 24 19
 33 0 33 32 16 17 19 109 15 37 16 19 47 31 33 31
 23 33 0 26 15 12 17 105 8 36 15 16 43 27 30 24
 20 32 26 0 13 10 13 102 9 33 13 17 44 26 29 23
 8 16 15 13 0 7 10 98 3 29 8 11 38 21 25 18
 7 17 12 10 7 0 9 97 3 28 7 10 37 21 24 18
 10 19 17 13 10 9 0 99 4 30 9 11 39 22 25 19
 98 109 105 102 98 97 99 0 33 71 41 50 68 51 60 58
 4 15 8 9 3 3 4 33 0 27 6 9 36 20 23 17
 29 37 36 33 29 28 30 71 27 0 17 18 46 28 34 25
 8 16 15 13 8 7 9 41 6 17 0 11 38 21 24 19
 11 19 16 17 11 10 11 50 9 18 11 0 39 22 25 20
 38 47 43 44 38 37 39 68 36 46 38 39 0 31 36 30
 22 31 27 26 21 21 22 51 20 28 21 22 31 0 29 24
 24 33 30 29 25 24 25 60 23 34 24 25 36 29 0 24
 19 31 24 23 18 18 19 58 17 25 19 20 30 24 24 0

 0 11 8 14 14 9 8 10 8 11 14 9 12 12 13 16
 9 0 9 14 17 11 7 10 10 14 17 11 13 13 15 17
 9 10 0 13 15 8 6 10 8 10 13 8 13 11 12 15
 10 14 9 0 17 11 10 11 10 15 16 10 17 15 14 19
 10 14 10 17 0 14 10 12 12 13 17 11 17 14 14 21
 8 11 6 14 15 0 6 9 9 11 15 9 12 11 13 16
 7 9 6 12 14 7 0 9 9 11 14 7 12 11 12 15
 11 10 7 14 14 9 8 0 9 11 15 10 13 11 15 16
 10 10 7 14 15 8 6 9 0 12 16 9 13 12 13 16
 9 13 9 14 18 9 10 11 10 0 16 10 14 12 15 17
 13 14 8 14 20 12 10 14 10 14 0 12 16 14 17 20
 9 9 7 12 15 9 8 10 9 11 14 0 12 12 13 15
 11 13 8 15 16 10 9 11 11 12 17 9 0 14 14 19
 12 11 8 15 15 10 7 13 10 12 16 9 14 0 15 17
 11 11 9 17 16 9 10 11 11 13 18 10 15 15 0 19
 14 12 9 16 17 14 10 12 11 17 19 10 15 16 19 0

 0 6 4 11 6 11 12 8 8 13 5 7 12 4 7 4
 4 0 4 13 7 12 12 8 9 13 6 7 12 5 8 4
 4 5 0 12 6 12 12 7 9 13 5 7 11 4 7 4
 6 10 9 0 11 15 16 10 12 16 8 10 14 6 9 6
 4 6 5 12 0 12 13 7 9 15 7 7 13 4 7 4
 7 8 6 16 10 0 17 9 12 16 10 10 14 10 10 10
 7 10 7 17 9 17 0 11 11 17 10 11 15 6 9 9
 6 7 7 12 7 14 13 0 9 15 6 8 12 5 9 6
 7 7 5 13 7 13 13 10 0 15 9 10 15 6 10 7
 10 9 9 16 9 16 16 13 13 0 8 10 18 10 11 9
 5 6 4 13 6 12 13 8 10 13 0 8 12 4 8 5
 5 7 5 13 8 14 13 8 10 15 8 0 14 5 9 5
 9 8 8 15 8 16 17 11 11 16 10 11 0 8 12 9
 4 5 4 12 6 11 11 7 9 13 6 7 12 0 7 4
 5 8 5 14 6 12 13 8 11 16 7 9 12 5 0 5
 4 5 4 12 5 11 12 7 8 13 5 7 12 4 7 0
