32 4

 0 22 42 16 22 33 19 10 9 6 19 15 288 30 23 12 15 33 21 21 25 13 31 19 25 4 7 61 9 7 33 10
 22 0 47 22 26 37 24 14 13 9 23 20 293 33 30 16 19 36 26 25 30 19 37 25 29 10 11 66 12 12 38 16
 42 47 0 26 36 48 32 24 21 17 33 26 301 41 36 24 30 44 33 31 40 23 45 29 38 15 17 75 19 17 43 24
 16 22 26 0 24 34 21 12 10 8 21 17 291 31 27 13 16 34 22 24 28 15 33 21 27 6 10 63 11 9 34 12
 22 26 36 24 0 39 24 16 13 10 25 21 294 34 28 16 19 37 26 25 29 18 36 23 30 8 11 66 12 12 37 15
 33 37 48 34 39 0 30 18 16 15 27 24 295 37 33 22 24 42 29 28 32 21 40 28 35 11 15 72 19 17 42 17
 19 24 32 21 24 30 0 14 12 9 23 19 290 32 28 16 19 37 25 24 30 16 35 24 28 9 11 65 13 11 36 14
 10 14 24 12 16 18 14 0 9 6 19 15 287 29 24 12 15 32 21 21 25 13 31 19 25 4 7 61 8 7 33 10
 9 13 21 10 13 16 12 9 0 5 18 14 287 29 23 11 14 32 20 20 25 12 30 19 25 3 6 60 8 6 32 10
 6 9 17 8 10 15 9 6 5 0 17 13 286 28 22 10 13 31 19 19 23 11 29 17 23 2 5 59 7 5 31 8
 19 23 33 21 25 27 23 19 18 17 0 18 292 33 28 14 18 37 25 23 30 17 35 24 28 8 11 66 12 11 36 14
 15 20 26 17 21 24 19 15 14 13 18 0 290 32 26 13 17 34 23 22 26 14 32 21 26 7 9 62 10 10 35 12
 288 293 301 291 294 295 290 287 287 286 292 290 0 141 144 104 144 134 150 122 127 133 161 139 136 106 137 163 110 127 125 130
 30 33 41 31 34 37 32 29 29 28 33 32 141 0 33 18 21 41 27 29 35 21 39 29 34 13 17 70 15 14 42 17
 23 30 36 27 28 33 28 24 23 22 28 26 144 33 0 16 21 37 25 27 30 19 37 24 30 8 11 67 13 13 39 16
 12 16 24 13 16 22 16 12 11 10 14 13 104 18 16 0 15 33 22 21 26 14 31 20 25 4 7 62 9 8 34 10
 15 19 30 16 19 24 19 15 14 13 18 17 144 21 21 15 0 34 22 22 27 15 33 22 28 5 8 63 10 8 34 11
 33 36 44 34 37 42 37 32 32 31 37 34 134 41 37 33 34 0 30 30 32 21 41 27 32 13 14 72 16 18 42 19
 21 26 33 22 26 29 25 21 20 19 25 23 150 27 25 22 22 30 0 25 28 17 34 23 30 9 11 65 13 10 36 14
 21 25 31 24 25 28 24 21 20 19 23 22 122 29 27 21 22 30 25 0 30 16 36 23 29 9 12 65 14 11 37 13
 25 30 40 28 29 32 30 25 25 23 30 26 127 35 30 26 27 32 28 30 0 18 38 24 32 10 13 67 15 14 38 17
 13 19 23 15 18 21 16 13 12 11 17 14 133 21 19 14 15 21 17 16 18 0 32 20 27 6 9 63 10 8 33 12
 31 37 45 33 36 40 35 31 30 29 35 32 161 39 37 31 33 41 34 36 38 32 0 28 35 14 15 69 15 17 43 17
 19 25 29 21 23 28 24 19 19 17 24 21 139 29 24 20 22 27 23 23 24 20 28 0 28 7 12 64 13 10 36 13
 25 29 38 27 30 35 28 25 25 23 28 26 136 34 30 25 28 32 30 29 32 27 35 28 0 11 12 66 16 13 39 16
 4 10 15 6 8 11 9 4 3 2 8 7 106 13 8 4 5 13 9 9 10 6 14 7 11 0 5 59 6 5 30 8
 7 11 17 10 11 15 11 7 6 5 11 9 137 17 11 7 8 14 11 12 13 9 15 12 12 5 0 60 7 6 31 9
 61 66 75 63 66 72 65 61 60 59 66 62 163 70 67 62 63 72 65 65 67 63 69 64 66 59 60 0 29 31 49 30
 9 12 19 11 12 19 13 8 8 7 12 10 110 15 13 9 10 16 13 14 15 10 15 13 16 6 7 29 0 7 32 9
 7 12 17 9 12 17 11 7 6 5 11 10 127 14 13 8 8 18 10 11 14 8 17 10 13 5 6 31 7 0 32 9
 33 38 43 34 37 42 36 33 32 31 36 35 125 42 39 34 34 42 36 37 38 33 43 36 39 30 31 49 32 32 0 20
 10 16 24 12 15 17 14 10 10 8 14 12 130 17 16 10 11 19 14 13 17 12 17 13 16 8 9 30 9 9 20 0

 0 33 4 13 21 25 15 34 31 99 27 25 12 313 30 25 25 18 25 24 13 34 9 6 10 15 21 37 36 28 13 16
 33 0 17 26 30 37 27 44 42 111 38 38 21 322 40 36 37 29 38 36 25 45 18 19 21 24 33 46 47 41 22 26
 4 17 0 13 20 25 14 34 31 98 26 25 11 313 29 25 25 17 25 23 13 34 8 5 10 14 20 37 35 28 13 16
 13 26 13 0 25 28 17 38 34 101 29 29 14 316 33 28 29 21 28 27 17 38 12 10 14 17 23 40 40 31 16 20
 21 30 20 25 0 31 22 40 36 106 33 31 18 318 35 32 32 24 32 29 21 40 15 12 16 22 28 43 41 34 19 23
 25 37 25 28 31 0 23 44 38 107 33 34 19 322 38 33 34 26 33 32 20 42 18 12 20 22 28 47 44 35 23 26
 15 27 14 17 22 23 0 38 34 103 31 28 15 316 34 29 29 21 29 27 17 39 13 9 14 18 24 41 39 31 17 21
 34 44 34 38 40 44 38 0 44 109 40 37 22 327 40 37 37 29 38 36 25 44 19 16 23 28 32 49 47 40 24 26
 31 42 31 34 36 38 34 44 0 111 38 35 20 324 41 37 35 29 36 35 24 45 18 15 21 25 29 49 48 38 25 27
 99 111 98 101 106 107 103 109 111 0 61 66 52 344 67 56 59 55 69 67 57 68 52 40 51 58 55 75 79 66 44 54
 27 38 26 29 33 33 31 40 38 61 0 33 22 320 37 35 33 27 35 32 20 44 18 15 17 25 29 47 45 35 21 24
 25 38 25 29 31 34 28 37 35 66 33 0 21 323 39 32 35 24 34 33 20 41 15 13 18 21 30 47 45 37 20 26
 12 21 11 14 18 19 15 22 20 52 22 21 0 316 32 27 28 20 27 27 16 37 11 8 13 18 23 40 39 31 15 19
 313 322 313 316 318 322 316 327 324 344 320 323 316 0 132 159 159 120 128 157 157 137 121 139 144 159 154 150 180 162 147 160
 30 40 29 33 35 38 34 40 41 67 37 39 32 132 0 34 34 26 36 33 21 42 18 15 22 23 29 47 45 37 24 25
 25 36 25 28 32 33 29 37 37 56 35 32 27 159 34 0 33 24 33 33 23 41 16 13 19 23 29 46 44 35 20 25
 25 37 25 29 32 34 29 37 35 59 33 35 28 159 34 33 0 25 32 32 21 43 16 13 17 22 29 44 44 36 22 23
 18 29 17 21 24 26 21 29 29 55 27 24 20 120 26 24 25 0 31 30 18 38 13 10 15 19 25 42 40 34 19 21
 25 38 25 28 32 33 29 38 36 69 35 34 27 128 36 33 32 31 0 33 21 44 17 15 19 22 27 44 42 35 23 23
 24 36 23 27 29 32 27 36 35 67 32 33 27 157 33 33 32 30 33 0 21 42 16 12 18 21 29 45 44 36 20 25
 13 25 13 17 21 20 17 25 24 57 20 20 16 157 21 23 21 18 21 21 0 37 12 9 14 17 23 41 38 31 16 19
 34 45 34 38 40 42 39 44 45 68 44 41 37 137 42 41 43 38 44 42 37 0 20 19 24 27 34 47 46 39 24 30
 9 18 8 12 15 18 13 19 18 52 18 15 11 121 18 16 16 13 17 16 12 20 0 7 12 16 22 39 37 30 14 17
 6 19 5 10 12 12 9 16 15 40 15 13 8 139 15 13 13 10 15 12 9 19 7 0 10 15 21 37 36 28 13 16
 10 21 10 14 16 20 14 23 21 51 17 18 13 144 22 19 17 15 19 18 14 24 12 10 0 16 23 39 37 31 15 18
 15 24 14 17 22 22 18 28 25 58 25 21 18 159 23 23 22 19 22 21 17 27 16 15 16 0 25 41 39 31 16 19
 21 33 20 23 28 28 24 32 29 55 29 30 23 154 29 29 29 25 27 29 23 34 22 21 23 25 0 45 41 34 18 22
 37 46 37 40 43 47 41 49 49 75 47 47 40 150 47 46 44 42 44 45 41 47 39 37 39 41 45 0 50 41 24 29
 36 47 35 40 41 44 39 47 48 79 45 45 39 180 45 44 44 40 42 44 38 46 37 36 37 39 41 50 0 43 28 28
 28 41 28 31 34 35 31 40 38 66 35 37 31 162 37 35 36 34 35 36 31 39 30 28 31 31 34 41 43 0 24 25
 13 22 13 16 19 23 17 24 25 44 21 20 15 147 24 20 22 19 23 20 16 24 14 13 15 16 18 24 28 24 0 20
 16 26 16 20 23 26 21 26 27 54 24 26 19 160 25 25 23 21 23 25 19 30 17 16 18 19 22 29 28 25 20 0

 0 3 23 14 8 11 6 20 23 26 266 39 14 5 5 13 5 37 29 17 9 11 6 28 200 37 20 14 20 20 8 6
 3 0 21 12 6 9 5 18 21 24 264 38 12 3 3 11 3 35 27 15 8 9 5 26 198 35 18 12 18 18 6 5
 23 21 0 21 13 17 11 25 30 33 272 47 20 10 12 20 10 43 34 24 15 17 13 35 205 43 25 21 26 27 13 11
 14 12 21 0 10 14 8 23 25 29 269 42 16 7 8 14 8 40 31 19 11 14 9 29 203 39 22 16 23 22 11 8
 8 6 13 10 0 11 7 20 23 26 266 40 14 5 5 12 5 37 29 17 9 11 6 27 200 36 20 14 20 20 8 7
 11 9 17 14 11 0 8 21 25 27 267 41 15 6 6 13 6 37 30 19 11 12 8 29 201 37 21 16 21 21 10 7
 6 5 11 8 7 8 0 19 22 26 265 39 13 4 4 12 4 36 28 16 9 10 6 27 200 36 19 13 19 20 8 6
 20 18 25 23 20 21 19 0 27 31 271 43 19 11 10 18 9 41 34 21 13 16 11 33 204 41 25 20 25 25 12 12
 23 21 30 25 23 25 22 27 0 31 271 46 21 11 10 18 11 41 35 24 15 18 12 35 205 43 27 20 27 26 14 13
 26 24 33 29 26 27 26 31 31 0 275 45 23 11 11 18 11 44 35 23 17 18 14 35 206 44 26 23 26 29 15 14
 266 264 272 269 266 267 265 271 271 275 0 151 108 126 91 133 91 131 132 129 130 123 127 113 303 148 114 117 106 114 129 101
 39 38 47 42 40 41 39 43 46 45 151 0 24 15 20 25 19 48 43 30 24 21 17 40 210 49 30 28 31 35 19 20
 14 12 20 16 14 15 13 19 21 23 108 24 0 8 8 14 8 39 32 20 11 13 10 31 203 39 23 16 22 23 11 10
 5 3 10 7 5 6 4 11 11 11 126 15 8 0 4 11 4 35 28 16 8 10 5 26 199 35 19 13 19 19 7 5
 5 3 12 8 5 6 4 10 10 11 91 20 8 4 0 11 4 35 28 16 8 10 5 26 199 35 19 13 19 19 7 5
 13 11 20 14 12 13 12 18 18 18 133 25 14 11 11 0 6 38 30 19 12 13 8 29 201 39 21 15 22 21 10 8
 5 3 10 8 5 6 4 9 11 11 91 19 8 4 4 6 0 35 28 16 8 10 5 26 199 35 19 13 19 19 7 5
 37 35 43 40 37 37 36 41 41 44 131 48 39 35 35 38 35 0 40 27 19 23 17 38 210 47 32 25 34 32 20 17
 29 27 34 31 29 30 28 34 35 35 132 43 32 28 28 30 28 40 0 27 18 21 13 36 208 44 27 22 27 27 17 15
 17 15 24 19 17 19 16 21 24 23 129 30 20 16 16 19 16 27 27 0 14 14 10 31 204 40 24 17 24 24 12 11
 9 8 15 11 9 11 9 13 15 17 130 24 11 8 8 12 8 19 18 14 0 11 7 28 201 37 21 14 20 21 9 7
 11 9 17 14 11 12 10 16 18 18 123 21 13 10 10 13 10 23 21 14 11 0 7 29 201 38 21 15 21 21 9 7
 6 5 13 9 6 8 6 11 12 14 127 17 10 5 5 8 5 17 13 10 7 7 0 27 199 36 19 13 19 19 8 6
 28 26 35 29 27 29 27 33 35 35 113 40 31 26 26 29 26 38 36 31 28 29 27 0 209 44 29 20 28 27 16 16
 200 198 205 203 200 201 200 204 205 206 303 210 203 199 199 201 199 210 208 204 201 201 199 209 0 107 90 97 97 110 91 83
 37 35 43 39 36 37 36 41 43 44 148 49 39 35 35 39 35 47 44 40 37 38 36 44 107 0 29 23 32 30 19 19
 20 18 25 22 20 21 19 25 27 26 114 30 23 19 19 21 19 32 27 24 21 21 19 29 90 29 0 18 24 24 12 11
 14 12 21 16 14 16 13 20 20 23 117 28 16 13 13 15 13 25 22 17 14 15 13 20 97 23 18 0 22 23 11 9
 20 18 26 23 20 21 19 25 27 26 106 31 22 19 19 22 19 34 27 24 20 21 19 28 97 32 24 22 0 26 12 10
 20 18 27 22 20 21 20 25 26 29 114 35 23 19 19 21 19 32 27 24 21 21 19 27 110 30 24 23 26 0 12 12
 8 6 13 11 8 10 8 12 14 15 129 19 11 7 7 10 7 20 17 12 9 9 8 16 91 19 12 11 12 12 0 6
 6 5 11 8 7 7 6 12 13 14 101 20 10 5 5 8 5 17 15 11 7 7 6 16 83 19 11 9 10 12 6 0

 0 17 33 27 18 31 22 31 29 13 12 16 21 17 23 37 21 56 14 12 56 35 21 25 21 19 45 32 26 30 24 35
 17 0 30 24 15 27 19 28 27 11 8 12 19 15 20 33 19 53 12 8 54 34 17 21 18 18 43 30 23 28 20 33
 33 30 0 30 23 35 26 35 34 16 14 20 26 23 25 38 26 59 17 13 59 41 22 27 25 22 49 34 28 35 25 37
 27 24 30 0 20 33 22 33 32 15 12 18 24 20 25 37 24 57 17 14 58 39 21 25 22 23 47 34 26 31 23 35
 18 15 23 20 0 28 20 29 26 13 8 13 20 16 21 34 19 53 14 8 56 34 18 22 20 17 43 29 23 28 20 34
 31 27 35 33 28 0 26 34 33 17 14 20 26 23 27 41 24 60 18 15 59 41 21 26 26 24 47 33 28 33 26 38
 22 19 26 22 20 26 0 29 28 13 10 15 20 18 21 36 20 55 15 9 56 35 18 24 20 20 45 31 26 29 22 34
 31 28 35 33 29 34 29 0 31 17 15 17 24 21 27 38 25 57 17 12 61 41 23 28 23 23 47 33 28 33 24 36
 29 27 34 32 26 33 28 31 0 17 14 16 24 22 25 38 24 57 16 12 59 37 21 27 25 21 48 35 29 33 26 36
 13 11 16 15 13 17 13 17 17 0 7 12 17 15 19 32 17 52 11 7 53 32 16 21 17 16 41 28 22 26 19 31
 12 8 14 12 8 14 10 15 14 7 0 10 16 13 18 31 17 51 11 6 52 31 15 20 16 15 40 27 21 25 18 30
 16 12 20 18 13 20 15 17 16 12 10 0 18 15 20 33 18 52 12 7 54 34 17 21 18 17 42 28 22 27 19 31
 21 19 26 24 20 26 20 24 24 17 16 18 0 18 22 35 21 55 14 9 57 35 19 23 21 18 44 30 24 29 23 34
 17 15 23 20 16 23 18 21 22 15 13 15 18 0 21 34 19 54 13 10 55 35 17 22 19 19 43 29 23 28 20 33
 23 20 25 25 21 27 21 27 25 19 18 20 22 21 0 37 22 55 15 12 57 36 20 25 22 20 44 31 25 30 23 34
 37 33 38 37 34 41 36 38 38 32 31 33 35 34 37 0 25 62 21 15 63 42 27 31 26 27 49 37 31 36 29 41
 21 19 26 24 19 24 20 25 24 17 17 18 21 19 22 25 0 55 15 10 57 36 19 24 21 19 45 31 26 30 21 35
 56 53 59 57 53 60 55 57 57 52 51 52 55 54 55 62 55 0 28 25 70 53 36 34 38 30 62 42 39 45 33 51
 14 12 17 17 14 18 15 17 16 11 11 12 14 13 15 21 15 28 0 8 54 33 17 22 18 17 42 29 23 27 19 31
 12 8 13 14 8 15 9 12 12 7 6 7 9 10 12 15 10 25 8 0 52 31 15 19 16 15 40 27 21 25 18 30
 56 54 59 58 56 59 56 61 59 53 52 54 57 55 57 63 57 70 54 52 0 48 33 40 33 35 61 44 41 47 38 48
 35 34 41 39 34 41 35 41 37 32 31 34 35 35 36 42 36 53 33 31 48 0 26 28 27 23 50 39 30 37 28 42
 21 17 22 21 18 21 18 23 21 16 15 17 19 17 20 27 19 36 17 15 33 26 0 22 19 18 44 30 24 28 22 34
 25 21 27 25 22 26 24 28 27 21 20 21 23 22 25 31 24 34 22 19 40 28 22 0 23 21 46 31 26 30 23 35
 21 18 25 22 20 26 20 23 25 17 16 18 21 19 22 26 21 38 18 16 33 27 19 23 0 19 45 30 26 30 22 33
 19 18 22 23 17 24 20 23 21 16 15 17 18 19 20 27 19 30 17 15 35 23 18 21 19 0 44 30 24 30 21 33
 45 43 49 47 43 47 45 47 48 41 40 42 44 43 44 49 45 62 42 40 61 50 44 46 45 44 0 42 32 40 32 46
 32 30 34 34 29 33 31 33 35 28 27 28 30 29 31 37 31 42 29 27 44 39 30 31 30 30 42 0 28 32 25 40
 26 23 28 26 23 28 26 28 29 22 21 22 24 23 25 31 26 39 23 21 41 30 24 26 26 24 32 28 0 32 23 36
 30 28 35 31 28 33 29 33 33 26 25 27 29 28 30 36 30 45 27 25 47 37 28 30 30 30 40 32 32 0 25 36
 24 20 25 23 20 26 22 24 26 19 18 19 23 20 23 29 21 33 19 18 38 28 22 23 22 21 32 25 23 25 0 36
 35 33 37 35 34 38 34 36 36 31 30 31 34 33 34 41 35 51 31 30 48 42 34 35 33 33 46 40 36 36 36 0

 0 15 13 16 8 18 16 11 10 15 9 12 13 14 18 15 9 15 13 14 10 17 11 16 13 16 9 6 18 16 7 10
 12 0 12 16 11 17 17 11 9 14 10 11 13 14 17 15 8 18 14 13 13 16 11 14 12 15 11 6 16 15 10 12
 13 13 0 15 9 18 17 10 9 12 9 11 12 13 17 14 8 15 12 13 10 17 10 13 12 16 11 5 16 15 7 10
 15 15 14 0 8 17 16 13 11 15 9 11 15 12 20 15 10 16 13 14 13 18 9 17 14 17 12 8 17 19 8 13
 10 13 9 13 0 15 13 9 8 11 6 10 12 11 16 12 6 14 10 10 7 13 8 13 9 14 7 5 13 14 5 9
 16 15 14 19 9 0 19 12 14 17 10 16 15 16 21 17 9 19 15 16 10 20 13 16 12 20 14 12 20 21 11 13
 14 15 14 15 11 19 0 15 11 16 10 11 14 15 21 14 12 17 16 17 11 19 10 16 13 19 13 9 16 16 8 11
 14 14 10 14 7 16 15 0 9 12 7 10 12 12 16 13 8 14 13 12 9 15 11 14 12 14 11 5 15 17 6 12
 12 14 9 13 8 15 16 9 0 12 7 10 11 11 15 14 8 14 12 13 8 14 9 13 11 15 8 5 14 15 6 9
 14 15 11 16 9 19 15 12 11 0 7 10 14 14 17 16 8 15 12 12 11 16 11 15 12 16 10 8 16 16 6 11
 10 12 10 12 7 15 14 9 7 10 0 9 11 11 15 12 6 14 11 10 8 14 7 12 10 13 8 4 14 14 4 9
 13 15 10 13 7 17 15 10 9 11 7 0 13 12 16 14 8 16 13 13 8 15 11 15 11 15 9 7 15 16 5 11
 13 15 10 16 8 17 16 11 9 13 7 12 0 13 17 13 8 17 13 12 12 17 11 14 12 17 9 6 17 18 6 13
 12 13 10 14 10 19 17 10 9 14 7 13 14 0 18 16 9 16 13 14 11 15 12 14 11 15 9 8 18 16 6 10
 18 17 14 15 10 22 20 15 11 14 9 15 15 16 0 17 9 19 13 15 10 19 10 15 13 19 10 9 19 16 7 12
 16 16 14 14 10 19 17 13 10 13 9 14 14 14 19 0 8 19 12 14 9 18 10 16 13 17 9 9 16 15 7 14
 11 12 9 12 7 15 13 9 7 10 7 10 11 11 16 12 0 14 11 10 8 14 8 13 10 14 7 6 13 13 4 9
 15 18 13 16 11 21 18 11 11 15 11 11 16 13 17 16 10 0 17 13 11 18 10 16 11 19 14 9 18 20 9 12
 13 16 10 15 8 17 15 10 10 13 7 11 13 12 16 15 9 15 0 13 9 15 10 14 10 17 11 6 18 17 8 10
 13 15 12 15 8 19 16 10 9 13 8 11 13 13 18 15 8 15 14 0 10 17 11 14 13 17 10 6 18 15 8 10
 12 12 11 13 6 15 14 11 10 11 7 11 12 13 16 13 6 15 11 11 0 15 8 12 10 15 8 5 15 14 5 10
 15 17 13 14 10 19 18 11 11 17 8 15 16 13 17 15 8 17 14 15 13 0 10 14 11 19 13 11 17 16 10 14
 11 13 9 12 8 16 14 11 8 12 7 11 12 12 16 12 7 15 12 12 9 15 0 13 10 15 8 5 15 14 6 10
 14 17 14 17 8 19 16 11 13 14 11 12 15 14 17 16 9 18 15 15 10 16 11 0 13 17 11 10 18 16 9 12
 13 13 12 13 9 16 15 10 10 13 7 11 13 13 18 13 7 15 12 11 10 14 11 14 0 15 10 7 16 16 5 12
 15 18 12 14 11 21 18 11 10 14 8 15 16 16 21 15 8 20 14 17 11 18 13 18 15 0 13 11 18 18 10 15
 12 13 11 13 8 17 14 9 8 12 8 10 11 11 17 13 8 14 12 12 9 14 8 14 9 15 0 6 14 15 5 11
 10 11 9 11 5 14 14 8 7 10 6 8 10 10 15 11 6 13 10 10 7 13 7 12 9 13 7 0 13 13 4 9
 13 18 13 17 9 19 18 13 11 17 10 12 14 15 17 17 9 16 15 14 10 16 13 18 11 16 10 8 0 16 7 14
 15 17 11 17 9 20 18 13 11 15 9 13 16 15 17 17 12 19 15 14 14 18 10 17 12 20 12 8 17 0 9 11
 10 12 8 11 6 15 14 8 7 10 6 8 10 10 14 11 5 13 10 10 7 13 7 12 9 13 7 4 13 13 0 9
 12 14 10 14 8 17 17 10 10 13 7 11 11 13 16 13 8 16 12 13 10 16 9 13 11 15 9 6 16 15 6 0

 0 6 15 7 10 7 10 12 9 15 6 9 12 12 7 15 14 11 4 5 10 14 14 10 5 7 12 4 6 6 8 7
 4 0 15 8 10 8 10 12 10 15 6 9 12 12 8 16 13 10 5 5 11 15 13 10 7 8 12 5 7 7 10 8
 12 13 0 10 17 10 16 18 13 22 12 16 17 17 10 18 17 15 7 11 13 20 16 16 9 14 18 8 13 13 12 11
 6 6 17 0 12 9 12 12 10 17 6 11 12 13 9 15 14 11 7 6 11 14 14 12 6 9 13 6 7 7 9 10
 6 9 18 9 0 9 15 16 13 16 7 13 14 14 11 18 16 12 8 9 12 16 17 13 8 9 15 6 9 9 12 10
 5 8 16 8 12 0 13 13 9 16 7 11 13 13 8 15 15 12 6 6 11 14 15 12 8 8 13 7 7 7 11 8
 9 9 16 11 14 12 0 13 13 18 10 12 15 13 10 17 16 13 8 7 13 15 15 14 9 10 15 6 8 8 12 9
 8 10 20 9 16 12 12 0 11 17 10 12 17 17 9 17 19 12 10 7 14 18 16 16 9 11 14 9 8 10 13 13
 6 9 16 10 11 10 13 13 0 16 8 12 14 15 9 16 15 12 6 6 12 15 15 12 8 8 14 5 7 7 10 10
 11 11 18 11 15 12 13 17 13 0 11 14 15 15 13 19 21 14 11 11 14 20 20 17 12 11 18 7 12 11 14 14
 5 6 16 8 11 7 11 12 9 15 0 9 12 12 8 16 14 11 5 5 12 14 14 11 7 8 12 4 6 6 10 9
 7 8 18 10 13 10 13 13 10 16 8 0 15 15 8 16 15 13 5 6 12 14 17 12 7 10 13 7 9 8 10 9
 7 9 18 10 13 10 14 17 14 19 9 12 0 17 9 20 18 13 8 7 13 18 19 15 10 13 17 7 9 8 13 11
 8 8 19 12 15 11 12 14 12 18 9 13 16 0 11 17 17 13 9 9 13 19 18 14 9 9 17 7 11 10 12 10
 6 7 16 9 11 8 12 14 11 17 6 9 12 13 0 15 14 12 6 5 12 15 15 11 8 8 12 6 7 7 9 9
 10 9 21 12 14 13 17 18 12 22 11 15 18 15 11 0 17 14 12 9 13 18 17 15 9 12 16 8 13 11 12 15
 10 10 19 12 13 14 13 16 11 17 12 11 18 17 12 18 0 15 8 8 15 17 16 16 10 11 15 9 11 12 14 13
 9 9 19 10 14 11 13 15 12 16 7 10 13 14 10 17 15 0 7 7 14 17 17 15 9 11 14 7 10 8 13 11
 4 6 14 7 10 7 10 12 9 14 6 9 12 11 7 15 13 10 0 4 10 13 13 10 6 7 11 4 6 6 9 7
 4 5 14 7 10 7 10 11 8 14 5 8 12 11 7 15 13 10 4 0 10 13 13 11 6 8 11 4 6 5 8 7
 7 7 19 9 15 10 12 14 12 18 7 10 13 15 9 18 15 13 6 9 0 15 17 14 8 9 13 9 7 8 12 11
 8 10 17 14 14 11 15 16 15 18 12 15 16 17 12 20 19 13 9 7 15 0 17 15 8 12 16 10 8 10 13 12
 7 10 17 10 15 11 13 17 12 18 9 13 14 16 13 17 18 13 11 10 13 18 0 16 9 12 15 10 10 10 15 11
 8 10 17 10 14 10 13 15 12 18 7 11 16 15 12 16 16 12 8 9 14 16 15 0 8 9 14 7 8 10 12 11
 5 6 15 8 11 7 11 13 10 15 6 10 12 13 7 15 13 11 5 5 10 14 13 11 0 8 13 4 7 6 9 8
 5 7 17 9 12 8 12 12 10 16 6 11 13 13 9 15 14 12 6 6 12 14 15 11 8 0 12 6 6 6 10 10
 6 9 20 13 14 9 13 15 13 20 10 11 16 17 10 17 16 13 6 10 16 16 19 13 9 10 0 7 11 9 11 10
 4 5 15 7 10 7 10 12 9 14 5 8 11 11 7 15 13 10 4 4 10 14 13 10 6 7 12 0 5 6 8 7
 5 6 15 8 10 9 10 12 10 15 6 9 12 13 8 15 14 10 6 6 11 13 15 10 6 8 12 5 0 6 9 7
 4 7 15 8 11 8 11 12 10 15 6 9 13 12 8 16 13 12 4 5 12 13 14 11 7 7 12 4 6 0 9 7
 7 8 18 9 13 9 13 13 10 16 7 11 14 14 9 17 15 11 6 7 11 14 17 12 7 9 13 5 7 7 0 8
 6 7 15 8 11 9 12 12 10 16 6 9 13 13 9 15 14 11 7 6 13 16 14 12 6 8 12 5 6 7 11 0

 0 11 12 5 13 6 8 16 10 16 12 14 13 15 8 9 5 14 12 14 9 7 12 4 14 8 11 7 14 15 10 12
 7 0 12 6 13 9 10 18 12 18 15 18 15 17 11 11 7 15 16 18 13 10 15 9 15 9 12 11 17 19 13 15
 10 12 0 7 16 7 9 18 12 17 14 18 13 16 9 11 8 15 16 16 12 9 14 8 17 9 13 9 17 18 15 15
 6 11 10 0 12 6 7 14 9 15 12 13 12 13 7 8 4 13 12 13 8 7 11 4 13 7 10 7 13 14 10 12
 10 14 13 9 0 9 10 18 12 18 14 16 14 17 10 13 8 17 14 15 12 11 15 7 18 9 15 12 17 20 14 16
 6 11 10 5 12 0 8 15 10 15 12 13 13 13 8 9 5 15 13 14 9 8 12 4 13 7 11 8 13 16 10 12
 7 12 12 7 12 6 0 17 10 17 13 14 12 15 8 11 5 14 12 14 11 10 13 6 16 8 12 9 14 15 11 14
 11 15 14 8 17 12 13 0 14 20 17 17 17 18 13 12 8 18 17 20 12 13 15 8 17 10 15 15 19 18 18 15
 7 13 13 7 13 7 9 17 0 17 14 16 15 15 10 12 7 15 15 15 10 10 13 8 15 11 13 9 15 17 12 13
 13 15 14 12 19 13 13 18 13 0 19 16 19 20 10 15 7 16 15 18 12 14 15 10 18 12 13 12 20 20 14 15
 10 13 14 6 15 8 9 19 14 19 0 16 15 19 13 14 7 17 15 17 13 11 16 8 16 11 13 9 18 19 14 16
 9 13 13 9 14 10 10 21 12 18 17 0 14 18 10 12 9 17 17 16 12 13 14 7 18 13 14 11 19 21 15 14
 8 13 13 7 17 9 11 20 11 19 14 18 0 18 9 13 9 18 16 17 12 12 17 7 16 11 16 12 16 17 15 14
 8 13 14 8 14 9 14 20 14 19 16 18 16 0 10 11 10 19 14 19 14 12 16 9 16 10 15 10 20 17 13 14
 8 11 12 6 14 6 8 17 10 16 14 15 14 14 0 10 6 14 14 15 11 8 13 6 15 9 11 10 15 16 12 13
 9 11 12 6 14 9 10 16 11 16 13 15 14 16 9 0 6 14 13 16 10 9 13 6 15 11 12 8 17 17 13 13
 5 10 10 4 11 6 7 15 9 15 11 13 12 13 7 8 0 13 11 13 9 7 11 5 13 8 10 7 13 14 10 11
 10 15 15 7 15 10 13 19 15 17 16 16 17 19 14 11 8 0 18 16 15 13 18 7 18 10 13 12 16 21 15 14
 9 14 15 6 15 8 11 17 14 19 14 16 16 15 10 11 8 16 0 16 14 12 16 7 16 9 14 12 16 20 13 17
 10 14 13 9 18 12 12 19 11 17 17 16 15 16 10 15 7 16 15 0 14 12 18 7 19 14 16 12 17 17 16 14
 8 12 12 7 13 7 8 16 10 17 15 16 14 16 9 12 5 16 13 16 0 9 14 6 17 9 13 10 15 18 13 13
 6 11 11 5 13 8 10 15 10 17 14 14 13 14 8 9 5 15 13 15 11 0 13 7 15 9 11 9 15 16 12 12
 10 13 16 10 15 10 9 18 11 20 15 15 17 16 11 12 10 16 15 18 12 9 0 8 16 10 12 10 18 18 14 17
 6 10 10 4 11 6 7 15 9 15 12 13 12 13 7 9 4 13 12 13 8 8 12 0 13 7 10 7 13 14 10 12
 11 13 13 11 18 11 10 20 11 21 16 18 16 16 13 13 9 18 15 19 14 11 16 11 0 10 14 10 20 17 15 18
 7 12 12 5 13 8 9 16 11 16 14 14 13 14 9 11 5 15 12 14 10 9 14 6 15 0 12 9 15 17 11 13
 7 12 15 6 15 7 11 16 10 17 14 16 14 17 10 11 8 16 15 18 13 11 14 7 18 11 0 10 15 16 13 14
 8 13 11 6 13 6 8 15 11 15 14 15 13 15 9 9 5 15 14 16 9 10 12 5 15 8 11 0 14 16 12 13
 8 15 13 8 17 11 10 19 14 20 17 18 16 18 10 13 8 16 15 19 14 14 14 10 19 12 14 11 0 19 15 18
 12 15 15 11 19 13 10 18 13 21 18 17 19 20 12 16 10 20 19 19 16 13 17 12 19 11 13 14 18 0 16 19
 9 12 13 6 13 9 10 16 11 18 14 18 15 15 9 12 6 18 16 17 13 9 15 8 17 11 13 9 15 18 0 15
 11 12 14 8 15 8 10 18 14 18 15 17 14 17 11 13 7 19 15 16 12 10 15 7 17 11 14 9 19 18 15 0

 0 18 11 14 22 15 17 21 17 12 16 21 19 17 15 14 14 11 18 15 19 18 13 16 13 18 21 20 17 16 19 15
 17 0 9 13 18 14 15 20 16 12 13 19 17 14 13 13 13 8 14 16 17 19 13 13 14 17 20 17 15 15 17 14
 15 12 0 9 15 12 10 15 13 7 11 16 15 11 9 12 11 6 11 12 13 16 10 9 10 12 15 16 12 13 16 13
 16 13 7 0 16 13 13 18 15 9 11 16 17 14 11 13 13 7 13 15 15 16 12 11 10 13 18 17 13 15 16 13
 18 19 11 12 0 17 15 19 17 10 15 22 16 15 16 18 13 9 16 18 16 22 13 16 14 16 20 21 17 20 22 15
 17 14 9 13 19 0 14 19 16 11 12 18 18 14 11 14 12 10 13 14 14 19 14 12 11 15 18 20 17 17 17 15
 18 13 7 11 17 15 0 17 13 11 12 19 15 15 11 12 13 8 14 15 16 17 11 11 12 13 17 18 16 18 16 13
 19 17 10 12 18 19 14 0 17 14 13 21 16 16 15 16 14 9 13 18 18 20 12 12 12 15 19 21 16 17 18 18
 19 14 10 11 19 14 13 17 0 9 12 20 15 16 12 14 14 10 13 15 15 19 11 13 13 15 17 19 16 15 18 16
 17 13 8 11 16 12 11 17 13 0 11 17 14 12 10 12 12 7 11 13 14 16 10 9 11 14 16 17 14 15 16 13
 18 14 9 12 17 16 12 18 14 9 0 17 17 14 10 13 14 9 15 14 15 17 11 10 10 16 18 18 16 17 18 13
 19 18 9 14 18 17 13 21 18 10 14 0 17 17 16 16 17 9 14 18 15 22 14 12 12 18 18 19 16 20 22 15
 18 15 11 13 19 17 13 21 17 10 16 18 0 15 12 16 15 9 14 14 17 20 11 14 12 18 19 19 15 17 19 17
 18 16 8 11 18 15 15 18 14 11 14 18 16 0 13 12 14 7 14 13 16 18 10 12 11 15 19 19 15 17 19 15
 16 13 8 10 17 14 12 17 15 11 13 17 15 12 0 12 11 7 12 15 14 18 10 10 10 13 17 18 14 15 16 14
 18 14 9 11 18 15 14 17 13 10 12 17 17 15 10 0 12 10 12 15 16 17 12 12 11 14 17 17 14 16 17 16
 18 15 10 12 18 13 15 17 15 11 12 17 17 13 11 14 0 8 14 13 15 18 12 10 12 16 16 16 16 17 17 15
 15 12 6 10 15 13 11 15 12 7 11 15 15 11 9 11 12 0 11 12 13 15 10 9 9 12 16 15 12 14 15 12
 16 13 7 11 18 15 14 17 13 10 12 18 15 12 10 12 13 8 0 16 14 19 11 10 11 15 19 19 15 18 18 13
 18 17 8 11 18 14 15 17 16 11 14 18 17 13 11 14 15 8 12 0 15 19 12 12 14 16 18 20 14 17 17 14
 19 16 9 13 18 14 14 17 17 10 14 18 18 13 13 13 13 10 16 14 0 18 12 12 12 16 19 20 14 15 19 15
 18 18 11 13 22 16 16 20 18 14 17 19 17 14 15 14 16 12 17 17 19 0 13 12 16 19 19 22 17 17 18 16
 16 14 7 11 16 14 12 17 13 10 12 17 17 12 10 13 12 8 12 14 13 16 0 12 11 15 16 16 14 14 17 14
 16 13 8 10 17 13 12 16 15 9 11 16 14 11 10 11 13 7 11 15 13 17 12 0 10 14 16 17 13 14 17 15
 16 15 8 11 17 14 11 18 13 11 11 16 15 12 11 13 13 8 13 13 13 18 11 10 0 13 17 16 13 15 16 15
 17 14 10 12 17 14 14 18 16 10 14 17 15 13 13 13 12 8 13 14 14 19 11 13 13 0 18 19 15 17 19 14
 22 16 9 14 20 17 13 20 17 14 15 22 18 15 14 15 14 12 17 19 15 21 16 12 16 17 0 20 15 19 18 19
 18 18 11 13 19 15 14 19 19 14 15 22 19 18 15 16 13 9 16 16 18 18 12 13 15 16 22 0 19 21 21 18
 20 16 8 12 20 16 12 19 14 13 13 18 17 15 14 15 15 8 14 15 17 20 11 12 12 17 18 18 0 15 19 15
 18 16 11 12 19 18 16 20 14 13 15 19 19 16 12 16 15 10 15 16 15 20 12 14 12 18 21 19 15 0 18 16
 18 15 13 16 20 17 15 21 16 13 14 18 21 17 15 15 14 9 16 17 16 22 16 15 15 15 21 22 17 19 0 17
 18 14 10 13 18 14 14 17 14 9 12 19 18 12 11 13 12 8 13 16 14 17 13 11 12 17 20 17 14 15 20 0
