30 4

 0 33 33 34 33 17 37 33 40 48 30 35 17 28 18 35 39 38 260 24 37 53 26 30 23 36 38 31 10 24
 33 0 33 37 35 19 38 32 41 47 32 35 17 26 19 36 42 38 261 25 35 56 25 32 22 38 41 31 10 25
 33 33 0 36 37 17 38 33 41 47 31 38 16 26 17 34 40 40 263 23 38 56 28 31 23 37 40 32 10 25
 34 37 36 0 38 18 39 33 43 48 31 39 20 27 20 34 43 41 262 25 36 55 25 31 24 38 40 35 14 25
 33 35 37 38 0 20 38 33 44 50 31 35 16 29 17 37 41 39 260 24 37 56 27 31 25 37 38 33 10 24
 17 19 17 18 20 0 30 27 36 42 25 30 11 22 12 28 35 33 256 19 31 48 19 26 16 31 34 25 4 18
 37 38 38 39 38 30 0 36 45 49 35 37 16 28 20 38 41 42 263 26 37 54 25 31 22 38 39 32 14 27
 33 32 33 33 33 27 36 0 42 50 32 36 18 26 17 35 40 41 260 25 36 53 24 32 23 37 40 31 10 24
 40 41 41 43 44 36 45 42 0 50 37 38 20 30 22 39 44 43 265 28 40 57 30 35 26 40 41 35 15 27
 48 47 47 48 50 42 49 50 50 0 40 43 25 33 24 39 45 45 270 33 43 59 32 40 30 45 43 35 15 29
 30 32 31 31 31 25 35 32 37 40 0 35 17 28 18 35 40 37 259 24 34 54 26 30 21 36 38 30 11 24
 35 35 38 39 35 30 37 36 38 43 35 0 19 27 20 35 40 40 264 25 37 54 29 33 26 38 42 31 12 27
 17 17 16 20 16 11 16 18 20 25 17 19 0 21 12 28 34 32 254 18 29 47 19 25 16 31 32 25 4 18
 28 26 26 27 29 22 28 26 30 33 28 27 21 0 15 32 39 36 259 23 34 51 23 30 19 35 37 30 7 22
 18 19 17 20 17 12 20 17 22 24 18 20 12 15 0 29 35 33 255 18 30 49 20 26 17 32 33 26 4 18
 35 36 34 34 37 28 38 35 39 39 35 35 28 32 29 0 43 39 263 26 38 56 27 32 23 40 41 31 12 26
 39 42 40 43 41 35 41 40 44 45 40 40 34 39 35 43 0 44 265 25 40 59 29 34 25 40 41 33 16 27
 38 38 40 41 39 33 42 41 43 45 37 40 32 36 33 39 44 0 265 25 37 56 27 32 25 42 41 33 12 28
 260 261 263 262 260 256 263 260 265 270 259 264 254 259 255 263 265 265 0 124 144 137 125 140 131 112 130 123 102 124
 24 25 23 25 24 19 26 25 28 33 24 25 18 23 18 26 25 25 124 0 32 51 23 28 19 34 36 29 7 21
 37 35 38 36 37 31 37 36 40 43 34 37 29 34 30 38 40 37 144 32 0 55 28 31 26 39 39 34 13 24
 53 56 56 55 56 48 54 53 57 59 54 54 47 51 49 56 59 56 137 51 55 0 31 37 32 49 48 41 22 33
 26 25 28 25 27 19 25 24 30 32 26 29 19 23 20 27 29 27 125 23 28 31 0 29 20 36 37 28 9 20
 30 32 31 31 31 26 31 32 35 40 30 33 25 30 26 32 34 32 140 28 31 37 29 0 21 38 40 30 9 23
 23 22 23 24 25 16 22 23 26 30 21 26 16 19 17 23 25 25 131 19 26 32 20 21 0 34 36 28 6 20
 36 38 37 38 37 31 38 37 40 45 36 38 31 35 32 40 40 42 112 34 39 49 36 38 34 0 42 33 11 27
 38 41 40 40 38 34 39 40 41 43 38 42 32 37 33 41 41 41 130 36 39 48 37 40 36 42 0 36 11 26
 31 31 32 35 33 25 32 31 35 35 30 31 25 30 26 31 33 33 123 29 34 41 28 30 28 33 36 0 9 24
 10 10 10 14 10 4 14 10 15 15 11 12 4 7 4 12 16 12 102 7 13 22 9 9 6 11 11 9 0 15
 24 25 25 25 24 18 27 24 27 29 24 27 18 22 18 26 27 28 124 21 24 33 20 23 20 27 26 24 15 0

 0 39 11 32 38 32 14 44 26 35 26 32 19 47 32 38 23 182 35 26 6 35 22 8 35 28 41 32 35 29
 39 0 25 43 51 47 24 54 39 50 40 46 33 62 45 48 36 193 50 36 20 49 36 23 49 40 55 46 45 39
 11 25 0 33 39 33 15 46 27 37 28 33 20 48 33 39 25 183 36 27 8 36 22 9 36 29 42 33 36 31
 32 43 33 0 48 42 24 52 34 44 37 42 30 55 41 49 34 190 46 37 14 44 32 19 43 37 51 41 44 37
 38 51 39 48 0 46 24 56 36 48 39 42 28 58 44 51 36 196 47 40 17 45 32 19 46 39 51 43 47 41
 32 47 33 42 46 0 24 55 37 45 35 42 29 57 40 48 31 191 43 36 17 43 29 17 43 39 51 42 46 39
 14 24 15 24 24 24 0 47 28 37 28 34 21 49 34 40 26 184 37 29 10 37 25 10 37 31 43 35 38 31
 44 54 46 52 56 55 47 0 43 52 42 46 30 64 49 52 39 195 48 40 19 51 36 20 49 45 55 45 52 41
 26 39 27 34 36 37 28 43 0 44 35 39 25 56 40 47 29 189 41 33 12 41 27 15 41 36 48 38 43 37
 35 50 37 44 48 45 37 52 44 0 37 41 27 59 43 50 34 193 47 39 17 44 33 20 45 37 52 43 48 42
 26 40 28 37 39 35 28 42 35 37 0 40 24 56 38 45 31 191 43 35 14 41 27 16 44 35 49 41 41 35
 32 46 33 42 42 42 34 46 39 41 40 0 27 56 40 48 34 193 45 36 16 44 31 18 44 38 51 42 45 39
 19 33 20 30 28 29 21 30 25 27 24 27 0 51 35 41 28 187 38 29 10 38 26 12 38 33 46 37 40 34
 47 62 48 55 58 57 49 64 56 59 56 56 51 0 46 54 39 198 53 40 22 48 40 22 53 40 55 50 51 47
 32 45 33 41 44 40 34 49 40 43 38 40 35 46 0 47 33 190 45 36 14 45 29 16 46 36 49 42 43 37
 38 48 39 49 51 48 40 52 47 50 45 48 41 54 47 0 33 193 47 39 16 49 33 19 49 38 55 45 47 43
 23 36 25 34 36 31 26 39 29 34 31 34 28 39 33 33 0 187 40 33 11 41 28 13 40 35 47 37 42 34
 182 193 183 190 196 191 184 195 189 193 191 193 187 198 190 193 187 0 116 101 82 105 91 66 93 91 99 113 93 104
 35 50 36 46 47 43 37 48 41 47 43 45 38 53 45 47 40 116 0 36 15 44 34 20 46 37 53 43 47 40
 26 36 27 37 40 36 29 40 33 39 35 36 29 40 36 39 33 101 36 0 13 41 29 17 43 33 50 40 43 36
 6 20 8 14 17 17 10 19 12 17 14 16 10 22 14 16 11 82 15 13 0 34 21 7 34 27 40 31 34 29
 35 49 36 44 45 43 37 51 41 44 41 44 38 48 45 49 41 105 44 41 34 0 32 20 45 39 52 42 47 39
 22 36 22 32 32 29 25 36 27 33 27 31 26 40 29 33 28 91 34 29 21 32 0 13 41 33 45 38 41 33
 8 23 9 19 19 17 10 20 15 20 16 18 12 22 16 19 13 66 20 17 7 20 13 0 35 27 41 32 35 29
 35 49 36 43 46 43 37 49 41 45 44 44 38 53 46 49 40 93 46 43 34 45 41 35 0 39 54 42 48 41
 28 40 29 37 39 39 31 45 36 37 35 38 33 40 36 38 35 91 37 33 27 39 33 27 39 0 47 41 42 36
 41 55 42 51 51 51 43 55 48 52 49 51 46 55 49 55 47 99 53 50 40 52 45 41 54 47 0 44 51 43
 32 46 33 41 43 42 35 45 38 43 41 42 37 50 42 45 37 113 43 40 31 42 38 32 42 41 44 0 44 39
 35 45 36 44 47 46 38 52 43 48 41 45 40 51 43 47 42 93 47 43 34 47 41 35 48 42 51 44 0 41
 29 39 31 37 41 39 31 41 37 42 35 39 34 47 37 43 34 104 40 36 29 39 33 29 41 36 43 39 41 0

 0 18 39 19 12 38 36 23 30 15 27 14 39 14 35 23 35 20 34 40 32 39 35 35 37 28 49 56 38 28
 18 0 28 10 3 27 25 15 20 6 15 6 28 3 24 13 26 10 24 32 21 27 24 24 28 18 40 46 27 18
 39 28 0 20 12 38 35 23 28 16 23 15 37 12 31 21 36 20 32 39 31 38 32 35 38 28 48 54 34 27
 19 10 20 0 5 28 27 17 21 7 17 8 31 4 26 15 27 12 26 33 22 28 26 25 30 20 42 48 29 20
 12 3 12 5 0 26 24 14 18 5 14 5 27 2 23 12 24 9 23 30 20 26 23 23 27 17 39 45 26 17
 38 27 38 28 26 0 33 23 28 13 22 14 35 12 31 22 33 19 34 41 31 35 33 32 35 25 50 55 34 25
 36 25 35 27 24 33 0 22 26 14 23 13 35 12 31 20 33 19 30 41 29 36 32 33 37 24 48 56 33 24
 23 15 23 17 14 23 22 0 23 9 18 10 32 6 28 16 29 14 27 36 24 30 27 28 31 21 43 49 30 21
 30 20 28 21 18 28 26 23 0 10 21 11 34 9 30 19 32 15 28 37 27 33 30 29 34 24 45 52 33 24
 15 6 16 7 5 13 14 9 10 0 15 6 28 3 24 13 25 10 24 31 21 27 24 24 28 18 40 46 27 18
 27 15 23 17 14 22 23 18 21 15 0 10 32 6 27 16 29 14 28 34 24 31 28 28 32 21 43 49 30 22
 14 6 15 8 5 14 13 10 11 6 10 0 28 3 24 14 25 10 24 31 21 27 24 24 28 18 40 46 27 18
 39 28 37 31 27 35 35 32 34 28 32 28 0 14 32 23 33 18 31 39 31 35 33 34 38 28 50 55 34 26
 14 3 12 4 2 12 12 6 9 3 6 3 14 0 23 12 24 9 23 30 20 26 23 23 27 17 39 45 26 17
 35 24 31 26 23 31 31 28 30 24 27 24 32 23 0 20 32 16 31 37 29 33 32 32 37 24 48 53 34 26
 23 13 21 15 12 22 20 16 19 13 16 14 23 12 20 0 28 14 27 34 23 31 28 26 32 21 44 49 31 22
 35 26 36 27 24 33 33 29 32 25 29 25 33 24 32 28 0 19 32 40 28 35 32 33 37 24 47 55 33 25
 20 10 20 12 9 19 19 14 15 10 14 10 18 9 16 14 19 0 26 33 23 29 26 25 30 20 42 48 29 20
 34 24 32 26 23 34 30 27 28 24 28 24 31 23 31 27 32 26 0 37 27 33 32 31 34 26 48 53 34 24
 40 32 39 33 30 41 41 36 37 31 34 31 39 30 37 34 40 33 37 0 30 37 34 32 39 29 51 58 37 27
 32 21 31 22 20 31 29 24 27 21 24 21 31 20 29 23 28 23 27 30 0 33 30 30 33 24 46 51 33 23
 39 27 38 28 26 35 36 30 33 27 31 27 35 26 33 31 35 29 33 37 33 0 33 32 37 25 50 56 37 26
 35 24 32 26 23 33 32 27 30 24 28 24 33 23 32 28 32 26 32 34 30 33 0 30 36 24 48 53 33 25
 35 24 35 25 23 32 33 28 29 24 28 24 34 23 32 26 33 25 31 32 30 32 30 0 35 26 46 55 34 24
 37 28 38 30 27 35 37 31 34 28 32 28 38 27 37 32 37 30 34 39 33 37 36 35 0 29 49 54 37 28
 28 18 28 20 17 25 24 21 24 18 21 18 28 17 24 21 24 20 26 29 24 25 24 26 29 0 45 52 32 22
 49 40 48 42 39 50 48 43 45 40 43 40 50 39 48 44 47 42 48 51 46 50 48 46 49 45 0 61 39 30
 56 46 54 48 45 55 56 49 52 46 49 46 55 45 53 49 55 48 53 58 51 56 53 55 54 52 61 0 40 31
 38 27 34 29 26 34 33 30 33 27 30 27 34 26 34 31 33 29 34 37 33 37 33 34 37 32 39 40 0 25
 28 18 27 20 17 25 24 21 24 18 22 18 26 17 26 22 25 20 24 27 23 26 25 24 28 22 30 31 25 0

 0 44 38 38 40 29 34 265 32 30 36 224 30 30 41 27 21 47 17 29 35 12 23 33 31 31 16 21 44 37
 44 0 40 44 44 33 40 270 33 38 39 227 35 33 47 32 28 51 22 31 39 14 26 40 38 35 23 23 46 40
 38 40 0 41 42 29 38 269 31 32 39 224 35 31 44 31 24 49 22 30 40 11 24 37 33 34 18 22 46 38
 38 44 41 0 43 31 35 266 34 35 36 226 34 32 43 30 24 49 18 30 40 13 25 37 35 35 18 24 45 39
 40 44 42 43 0 32 36 268 33 33 41 229 34 30 47 33 26 51 23 34 39 15 28 37 36 34 21 23 48 41
 29 33 29 31 32 0 32 264 28 30 35 221 30 26 39 26 21 47 15 27 35 9 22 33 30 31 14 20 42 36
 34 40 38 35 36 32 0 265 32 31 38 226 31 31 44 28 22 47 20 31 38 10 22 32 31 31 18 22 44 37
 265 270 269 266 268 264 265 0 123 125 121 334 142 122 144 122 99 124 94 105 112 104 107 126 125 142 93 106 137 129
 32 33 31 34 33 28 32 123 0 30 35 222 29 27 42 28 21 48 16 28 36 9 21 33 30 30 15 19 42 34
 30 38 32 35 33 30 31 125 30 0 35 224 32 29 40 29 23 48 18 27 36 9 21 31 32 30 15 20 44 36
 36 39 39 36 41 35 38 121 35 35 0 224 34 30 42 28 25 48 19 32 38 11 24 33 32 35 20 24 46 39
 224 227 224 226 229 221 226 334 222 224 224 0 122 91 118 91 113 139 80 105 112 87 106 95 94 115 93 112 120 127
 30 35 35 34 34 30 31 142 29 32 34 122 0 27 40 28 23 49 16 29 36 9 22 34 32 30 17 20 42 35
 30 33 31 32 30 26 31 122 27 29 30 91 27 0 40 26 20 48 17 27 35 8 20 30 30 29 14 19 43 35
 41 47 44 43 47 39 44 144 42 40 42 118 40 40 0 31 26 50 24 30 41 15 24 36 35 35 20 24 47 40
 27 32 31 30 33 26 28 122 28 29 28 91 28 26 31 0 21 47 15 26 36 10 21 31 31 31 14 20 43 33
 21 28 24 24 26 21 22 99 21 23 25 113 23 20 26 21 0 44 13 25 32 6 18 28 27 28 12 16 40 32
 47 51 49 49 51 47 47 124 48 48 48 139 49 48 50 47 44 0 22 33 41 19 27 37 40 40 23 26 50 42
 17 22 22 18 23 15 20 94 16 18 19 80 16 17 24 15 13 22 0 22 30 4 16 27 26 25 10 15 37 30
 29 31 30 30 34 27 31 105 28 27 32 105 29 27 30 26 25 33 22 0 34 9 22 31 29 30 15 19 42 34
 35 39 40 40 39 35 38 112 36 36 38 112 36 35 41 36 32 41 30 34 0 11 26 33 33 31 20 22 43 36
 12 14 11 13 15 9 10 104 9 9 11 87 9 8 15 10 6 19 4 9 11 0 14 24 23 23 8 12 35 27
 23 26 24 25 28 22 22 107 21 21 24 106 22 20 24 21 18 27 16 22 26 14 0 30 27 28 12 16 39 31
 33 40 37 37 37 33 32 126 33 31 33 95 34 30 36 31 28 37 27 31 33 24 30 0 30 33 15 23 45 35
 31 38 33 35 36 30 31 125 30 32 32 94 32 30 35 31 27 40 26 29 33 23 27 30 0 32 17 22 44 34
 31 35 34 35 34 31 31 142 30 30 35 115 30 29 35 31 28 40 25 30 31 23 28 33 32 0 17 19 44 37
 16 23 18 18 21 14 18 93 15 15 20 93 17 14 20 14 12 23 10 15 20 8 12 15 17 17 0 15 37 30
 21 23 22 24 23 20 22 106 19 20 24 112 20 19 24 20 16 26 15 19 22 12 16 23 22 19 15 0 38 31
 44 46 46 45 48 42 44 137 42 44 46 120 42 43 47 43 40 50 37 42 43 35 39 45 44 44 37 38 0 38
 37 40 38 39 41 36 37 129 34 36 39 127 35 35 40 33 32 42 30 34 36 27 31 35 34 37 30 31 38 0

 0 20 20 14 18 17 18 9 18 19 13 13 20 21 21 12 19 19 15 13 19 18 12 18 22 10 22 16 10 19
 17 0 20 16 21 20 25 12 23 20 17 15 22 22 25 13 23 21 20 13 22 24 15 20 22 15 22 18 14 22
 14 25 0 17 20 18 25 12 20 23 16 16 21 23 25 12 24 22 18 12 20 25 13 19 26 14 22 15 11 24
 16 20 19 0 21 16 21 10 21 20 15 15 18 23 20 11 21 17 16 13 19 18 12 19 20 9 20 14 12 22
 15 20 23 19 0 20 21 14 23 21 19 15 25 22 21 13 23 20 18 14 20 21 16 18 25 13 25 16 14 22
 15 23 21 17 19 0 21 11 21 19 16 16 22 22 20 13 21 21 18 12 19 20 13 21 22 11 24 14 14 24
 14 23 24 16 21 17 0 12 23 21 19 17 21 23 23 13 23 22 22 16 22 21 15 22 26 12 22 17 14 22
 13 18 17 12 17 14 18 0 17 18 13 12 18 19 18 10 18 17 15 10 18 17 10 17 20 8 18 13 9 18
 15 22 24 16 23 17 22 14 0 23 19 15 23 23 23 12 23 19 18 16 23 21 16 22 24 12 25 20 14 22
 18 20 20 19 23 17 22 15 22 0 20 17 21 25 25 13 23 18 17 13 25 21 15 22 24 14 21 20 13 25
 14 19 21 15 22 17 20 12 19 21 0 13 20 20 22 12 20 17 17 13 18 20 11 17 22 9 21 16 11 22
 12 18 20 16 20 17 18 11 18 18 14 0 20 22 22 13 18 19 17 13 20 20 12 18 22 9 21 15 9 19
 14 25 21 19 24 20 21 15 21 21 17 15 0 23 23 16 22 23 17 12 25 21 13 19 22 14 24 15 12 22
 16 22 21 19 26 18 25 16 24 22 19 15 23 0 22 15 24 21 19 16 23 22 13 24 23 13 22 18 14 22
 19 26 24 19 23 20 26 14 21 21 20 19 26 23 0 17 22 23 21 18 25 20 16 20 24 15 23 20 14 26
 13 18 20 15 18 16 18 9 20 17 13 13 18 20 19 0 18 16 15 10 20 17 10 17 21 9 21 15 9 20
 14 24 20 16 23 18 22 15 23 23 19 16 23 23 22 16 0 22 21 13 25 21 14 19 25 14 22 17 12 24
 14 22 21 15 21 20 23 11 19 19 15 17 20 22 22 14 22 0 18 16 19 21 13 18 25 14 22 15 12 21
 15 21 21 17 19 18 21 11 19 19 17 15 21 24 20 14 20 20 0 13 21 21 14 20 21 10 24 18 11 22
 12 19 19 15 20 15 17 9 19 19 14 12 18 21 20 10 18 18 15 0 19 18 11 17 21 10 21 14 10 20
 17 22 23 20 21 17 20 12 21 23 16 14 21 26 25 17 20 22 20 13 0 25 17 21 23 13 22 16 12 23
 17 23 21 16 25 20 24 11 21 23 19 16 22 25 25 13 23 18 17 16 23 0 14 18 23 11 25 17 12 25
 12 19 19 13 19 15 18 9 18 18 14 13 20 19 19 11 20 17 15 10 19 17 0 17 19 11 20 14 9 19
 14 22 24 15 21 19 23 10 22 24 19 18 21 21 22 13 23 21 17 12 19 19 14 0 23 10 22 17 13 23
 15 24 22 18 22 18 22 11 22 25 18 15 21 24 22 17 22 21 20 15 21 21 13 19 0 11 22 21 15 26
 12 17 17 14 17 15 18 8 17 18 12 11 18 18 18 11 18 17 15 9 17 17 10 16 20 0 19 14 9 20
 17 20 21 18 24 23 21 14 23 24 17 15 24 26 23 18 20 20 23 14 26 24 13 24 26 13 0 18 17 25
 12 18 22 16 19 17 20 11 22 21 15 12 18 22 20 13 21 20 17 12 22 21 12 18 22 11 22 0 11 22
 12 18 18 13 17 16 18 9 17 18 14 11 18 19 20 10 19 15 15 11 17 18 10 15 18 9 19 13 0 18
 18 22 21 16 22 20 21 14 23 25 17 16 22 22 25 18 20 20 18 14 22 26 16 21 26 15 25 17 16 0

 0 18 19 16 10 9 8 9 17 20 20 8 16 15 21 9 12 16 15 13 8 11 20 18 7 7 17 9 18 16
 17 0 22 22 13 14 11 16 22 24 21 13 18 16 22 12 15 19 20 20 13 12 25 19 10 9 18 14 23 22
 14 24 0 21 16 14 12 13 19 22 24 16 18 19 22 11 15 20 20 19 13 13 24 22 14 11 19 14 21 22
 16 19 21 0 14 14 13 13 19 22 21 14 20 15 22 11 17 19 18 15 11 12 20 19 12 12 18 12 20 21
 10 17 19 16 0 10 10 8 16 19 19 11 16 14 21 11 12 17 15 14 8 11 19 18 8 7 15 9 17 16
 11 17 20 15 10 0 9 9 14 20 18 9 15 13 20 8 11 15 15 12 7 10 18 16 7 8 15 8 15 16
 10 17 18 16 10 8 0 8 15 20 18 8 15 14 18 9 13 17 15 14 7 10 19 17 6 8 14 9 16 15
 10 17 19 17 10 9 8 0 14 20 18 10 15 13 20 9 12 15 14 14 7 11 19 17 6 6 15 9 17 15
 15 21 22 20 12 12 13 13 0 20 24 12 19 14 23 11 17 17 18 18 10 12 21 19 10 10 16 12 19 21
 15 21 26 19 16 13 15 14 20 0 25 11 21 18 25 15 16 20 21 19 13 14 21 19 10 12 20 13 19 22
 13 26 24 23 15 13 12 11 20 23 0 15 21 17 25 12 16 23 19 17 13 13 23 23 14 14 18 12 24 20
 10 17 20 16 11 9 8 9 14 19 19 0 16 13 19 9 11 15 15 13 8 10 17 16 6 6 14 9 17 17
 12 22 24 19 15 12 12 12 16 20 23 13 0 18 20 10 16 17 16 17 10 13 20 20 11 10 18 12 21 19
 11 20 22 19 12 9 11 12 17 21 20 12 15 0 23 12 14 17 18 17 8 12 22 19 8 11 16 12 18 17
 13 26 26 20 17 15 13 15 20 24 22 15 21 19 0 14 17 22 19 18 11 18 24 20 15 11 19 12 19 19
 9 18 19 17 11 9 8 8 15 20 19 8 15 13 20 0 11 17 14 14 8 10 18 15 6 7 14 9 16 16
 12 18 21 17 12 9 9 11 15 20 21 10 15 14 20 9 0 19 17 15 9 11 19 18 9 10 16 11 16 17
 14 24 24 18 16 13 12 12 20 22 21 15 20 15 24 13 15 0 18 17 12 15 21 19 11 13 20 12 19 18
 11 22 23 19 12 13 14 11 19 20 21 12 16 14 24 11 13 21 0 18 11 13 21 19 12 10 18 11 18 17
 14 20 21 19 12 10 9 10 16 22 23 10 16 15 21 11 12 18 16 0 8 14 20 19 9 10 16 11 17 19
 9 17 19 16 10 7 8 7 14 18 18 8 14 12 18 7 11 15 13 12 0 9 17 15 6 7 13 7 16 15
 10 20 19 18 10 8 10 10 16 19 20 10 14 14 21 9 12 18 15 15 9 0 19 17 7 7 14 10 16 16
 14 23 22 19 13 12 12 14 17 25 22 11 19 20 26 14 15 22 18 19 10 12 0 19 13 11 22 15 19 19
 12 21 24 21 15 15 12 10 18 25 23 14 16 18 21 12 18 21 20 19 9 15 23 0 9 9 20 11 18 18
 10 16 18 16 10 8 8 8 15 18 18 8 14 13 18 8 11 15 13 13 6 9 17 15 0 6 13 7 15 16
 9 16 18 16 9 8 8 8 13 18 18 7 14 12 18 7 10 16 14 13 7 9 17 15 6 0 14 8 15 16
 14 22 24 19 12 10 10 12 18 21 24 10 18 16 22 10 15 18 20 18 10 12 21 18 8 10 0 12 19 20
 10 17 19 15 10 8 9 8 15 19 19 9 14 12 20 8 11 15 15 14 8 10 17 16 7 6 14 0 16 16
 12 22 23 20 13 14 11 14 17 24 22 14 20 19 25 12 17 20 17 15 12 13 20 19 10 9 17 10 0 20
 16 19 24 19 13 14 14 11 16 21 23 13 21 17 24 13 16 22 20 16 13 16 19 21 9 10 18 10 22 0

 0 14 14 17 21 21 13 22 15 16 10 15 15 12 13 22 17 24 14 17 22 15 22 21 15 19 18 11 22 21
 17 0 13 15 22 16 13 17 15 12 11 12 14 9 10 18 17 21 12 16 19 13 18 16 10 20 16 7 20 19
 16 13 0 14 19 17 11 16 13 13 10 11 12 8 11 17 15 19 13 15 19 13 19 15 11 17 16 9 19 18
 17 13 11 0 21 17 14 17 14 14 11 12 14 10 11 18 16 23 13 17 20 14 18 16 12 20 20 9 19 19
 19 17 13 19 0 18 16 21 18 16 11 14 20 13 14 22 18 26 16 18 24 20 23 17 13 21 23 12 25 24
 19 14 14 17 21 0 16 20 17 15 13 11 17 14 12 20 18 23 14 17 22 16 22 16 13 19 18 12 22 19
 18 12 10 15 20 16 0 16 13 14 10 11 12 11 12 18 17 20 14 16 19 15 18 15 11 20 19 9 18 17
 18 15 15 16 21 16 17 0 15 16 13 12 15 13 14 20 21 21 16 19 23 16 19 18 13 19 18 11 20 21
 19 14 14 14 21 17 16 19 0 12 11 13 13 11 11 19 17 23 13 17 23 15 20 19 11 20 17 8 22 18
 19 14 12 14 22 16 14 18 16 0 10 11 14 9 11 18 16 21 12 17 21 14 18 17 12 20 19 9 19 19
 17 12 10 13 20 15 12 16 14 11 0 10 12 8 10 15 16 18 11 14 19 12 17 15 11 18 17 7 18 16
 17 12 10 13 20 15 12 16 13 12 9 0 13 11 10 16 15 19 12 16 21 14 19 17 11 18 16 8 17 18
 18 13 10 14 21 16 12 18 13 12 9 12 0 11 10 16 17 20 12 17 20 14 20 17 13 20 18 9 18 19
 15 12 10 13 19 14 11 16 13 11 8 10 12 0 11 16 14 18 11 15 19 13 18 15 10 17 16 8 17 16
 17 13 11 13 19 14 13 16 15 12 9 12 13 10 0 17 16 21 11 15 19 13 17 14 11 18 18 8 19 16
 18 14 16 17 22 16 16 21 17 17 11 12 15 14 14 0 21 21 17 19 23 19 20 16 16 20 19 11 20 19
 21 15 14 15 21 18 14 18 18 13 14 13 15 12 15 19 0 22 14 18 24 16 22 20 11 23 18 10 22 18
 24 18 18 18 23 18 15 22 16 19 16 14 15 12 16 19 20 0 18 21 23 17 21 20 16 25 19 10 21 21
 17 12 12 16 21 16 14 18 15 12 10 13 14 9 12 18 18 20 0 18 22 13 19 17 12 18 18 9 18 18
 21 13 14 15 24 17 15 21 16 15 10 13 13 12 11 17 17 22 15 0 24 15 23 17 11 20 20 9 22 19
 23 18 15 20 22 23 20 23 21 15 13 16 17 12 16 23 18 23 19 23 0 19 23 23 16 23 22 14 24 23
 19 14 13 15 21 17 14 18 15 12 9 12 12 10 11 18 15 21 14 15 22 0 21 18 13 18 17 9 19 18
 21 19 15 18 22 17 18 18 19 14 15 15 19 14 15 22 20 22 17 18 22 16 0 20 12 21 21 13 25 19
 18 17 11 16 23 16 13 17 16 13 12 11 16 12 12 19 16 22 16 18 22 14 21 0 11 21 17 10 21 18
 18 12 10 15 20 14 13 16 14 13 11 10 12 11 12 16 16 20 12 14 19 15 18 15 0 19 18 8 17 17
 22 17 13 18 25 19 15 21 18 17 11 16 14 12 14 19 19 25 19 17 23 19 22 20 15 0 22 10 23 18
 22 13 15 15 22 17 17 18 19 13 12 12 16 11 13 19 21 23 17 20 25 15 24 18 13 19 0 12 20 18
 15 11 9 13 18 14 10 15 13 11 7 10 11 8 10 15 13 18 11 13 19 12 17 14 9 17 15 0 17 16
 18 18 13 18 25 20 17 22 16 15 12 13 17 14 16 23 20 25 18 22 22 16 23 20 12 23 21 14 0 21
 18 17 13 16 23 16 15 19 15 16 11 12 14 13 13 22 21 21 15 21 21 17 22 19 14 20 21 13 19 0

 0 15 20 21 24 13 15 14 14 17 21 19 23 17 17 20 16 19 18 21 18 26 13 23 14 23 17 17 13 10
 20 0 15 14 18 7 10 9 11 12 18 15 19 12 8 18 10 11 11 15 15 20 11 19 11 16 14 12 8 8
 24 12 0 14 21 11 13 12 15 16 19 18 22 14 12 21 13 15 13 21 16 20 13 20 15 17 16 14 8 9
 20 11 15 0 20 8 12 11 13 17 20 17 19 14 11 19 12 16 11 18 15 20 11 23 12 17 15 14 9 8
 24 13 18 18 0 11 14 16 17 17 20 22 21 20 13 23 13 18 16 21 21 26 15 27 17 24 21 19 12 12
 19 7 13 13 18 0 10 7 10 13 17 15 16 10 7 18 9 10 9 15 14 18 9 18 10 16 13 11 6 6
 19 10 15 13 19 8 0 11 10 13 19 17 18 12 10 18 12 13 11 16 15 19 10 19 10 17 14 12 9 7
 18 8 15 13 19 7 10 0 9 13 18 17 18 11 8 17 10 11 10 16 14 20 10 19 10 16 14 11 8 7
 20 9 16 15 21 9 10 8 0 13 20 16 19 13 9 19 11 11 11 18 16 21 10 19 10 16 14 13 8 7
 21 9 18 14 22 10 12 10 13 0 18 18 20 15 10 19 12 14 12 18 17 22 14 20 13 20 17 14 9 9
 26 14 20 15 25 12 15 12 13 18 0 22 20 18 12 21 12 17 14 18 17 22 15 26 13 19 16 15 13 12
 21 13 19 17 22 13 15 15 13 15 22 0 23 16 13 19 12 15 15 18 16 21 15 24 14 18 18 16 10 9
 22 14 18 16 22 12 14 12 16 19 23 23 0 17 16 23 13 16 14 18 17 25 13 26 16 19 15 17 14 13
 21 10 17 15 21 9 11 10 11 13 18 18 18 0 10 19 13 14 12 19 17 21 11 21 12 17 14 12 8 8
 18 9 15 14 20 7 10 9 10 13 18 17 19 11 0 18 9 13 10 17 15 20 11 19 11 16 12 12 6 6
 22 11 22 18 22 13 13 11 16 20 23 22 21 17 12 0 15 15 12 22 20 24 13 24 13 21 19 17 12 10
 20 9 16 15 19 7 10 8 10 14 18 17 19 12 8 20 0 12 10 17 16 19 11 20 11 17 13 13 7 9
 19 10 17 15 20 10 11 9 11 14 21 18 18 14 10 20 12 0 12 19 16 19 11 21 10 17 16 12 9 9
 19 10 15 13 19 7 10 8 12 14 20 17 18 11 10 19 10 12 0 18 14 19 12 19 11 16 13 13 7 8
 22 10 19 15 22 13 16 10 13 15 22 20 20 13 12 20 16 16 16 0 17 25 12 22 15 18 19 16 13 9
 20 10 20 16 23 11 11 12 12 18 20 18 21 14 13 22 11 13 13 19 0 21 15 23 13 21 14 14 8 11
 25 17 19 16 26 11 14 12 14 18 24 22 22 16 12 22 15 16 18 20 18 0 18 26 17 23 16 20 12 10
 21 9 17 14 19 7 11 8 11 13 17 18 18 13 9 19 11 12 12 16 17 19 0 20 12 17 14 13 8 8
 23 14 23 16 23 13 13 11 18 17 22 21 23 16 13 20 18 18 13 24 20 22 13 0 14 19 20 20 15 11
 20 9 16 14 19 8 11 9 11 14 19 17 19 12 10 18 11 11 12 16 15 20 12 19 0 18 14 11 7 9
 22 12 20 16 21 9 14 10 12 16 22 21 22 14 11 21 12 15 15 19 18 25 13 21 12 0 19 14 12 11
 21 12 17 15 21 8 13 11 12 14 20 18 19 13 11 18 13 12 12 20 15 23 13 22 12 17 0 15 10 10
 22 9 17 15 20 9 12 9 12 14 19 18 18 15 10 19 12 13 11 18 15 22 11 20 12 18 14 0 9 9
 18 7 14 13 18 7 9 8 9 13 16 16 18 11 9 18 9 12 9 16 14 18 9 18 10 15 13 10 0 6
 19 8 14 12 19 6 9 7 10 12 18 16 17 11 8 17 9 11 9 15 13 19 10 18 9 15 13 10 7 0
